customer_id,email,signup_date,country,status
C100000,simmonskrystal@example.com,2024-04-09,US,Inactive
C100001,johnsonbrittney@example.net,2025-08-21,MX,Active
C100002,smithkaren@example.net,2025-02-22,GB,Active
C100003,ehammond@example.net,2026-01-15,US,Active
C100004,vking@example.org,2025-02-03,IN,Active
C100005,jrhodes@example.net,2024-10-31,DE,Active
C100006,timothyrodriguez@example.net,2024-12-28,CA,Active
C100007,scottnicholson@example.org,2024-07-19,XX,Active
C100008,crawforderic@example.net,2024-06-03,US,Inactive
C100009,bradleytonya@example.com,2025-08-10,DE,Active
C100010,,2025-08-11,US,Active
C100011,crystalsnow@example.net,2024-06-25,US,Active
C100012,bryan08@example.com,2025-12-08,IN,Active
C100704,joshuafisher@example.org,2025-07-31,US,Active
C100014,yvette98@example.org,2025-09-06,US,Active
C100015,jillryan@example.net,2024-06-21,US,Active
C100016,adrian75@example.net,2025-12-20,DE,Active
C100017,nboyd@example.net,2024-12-19,US,Active
C100018,phillipsamy@example.com,2024-12-17,US,Active
C100019,laurenpotts@example.org,2025-09-13,MX,Active
C100020,carlos38@example.net,2025-10-03,US,Active
C100021,,2024-06-29,MX,Active
C100022,mrobertson@example.net,2024-08-24,US,Active
C100023,anthonydean@example.org,2025-08-26,US,Active
C100024,heidinunez@example.net,2024-12-20,US,Active
C100025,wigginsrobert@example.com,2025-06-05,GB,Active
C100026,jharrell@example.com,2025-03-22,CA,Active
C103688,nwhite@example.net,2025-03-14,US,Active
C100028,jimenezeric@example.org,2026-01-20,US,Inactive
C100029,alisongallagher@example.org,2024-07-09,US,Active
C100030,michele25@example.net,2025-10-20,US,Active
C100031,taylorscott@example.com,2024-08-27,CA,Active
C100032,elizabeth70@example.com,2026-01-30,US,Active
C100033,irhodes@example.org,2025-06-02,US,Active
C100034,ncampbell@example.net,2024-04-21,GB,Active
C100035,torresbradley@example.com,2024-04-10,US,Active
C100036,kimalexandria@example.net,2025-12-19,MX,Active
C100037,anne87@example.com,2024-05-25,US,Active
C100038,williamsjeremy@example.net,2025-06-16,US,Active
C100039,lindseylarsen@example.org,2025-05-08,US,Inactive
C100040,danielle39@example.net,2024-10-28,MX,Active
C100041,anthony50@example.org,2025-11-27,IN,Active
C100042,mdavis@example.com,2024-08-12,US,Active
C100043,wpollard@example.net,2025-07-11,US,Inactive
C100044,oscartaylor@example.org,2024-05-07,US,Active
C100045,colebrian@example.net,2025-01-01,CA,Active
C100046,millerdana@example.com,2025-01-07,GB,Active
C100047,stephanierasmussen@example.net,2025-10-20,US,Active
C100048,dfleming@example.net,2024-05-16,CA,Active
C100049,paula13@example.org,2025-04-05,US,Active
C100050,yhughes@example.com,2024-06-14,US,Active
C100051,philip89@example.net,2025-01-29,US,Active
C100052,johnathanevans@example.org,2025-09-04,IN,Active
C100053,morganrachel@example.net,2024-06-07,US,Active
C100054,garciajoseph@example.org,2024-09-06,IN,Active
C100055,,2024-02-21,GB,Active
C100056,vincent90@example.net,2024-08-23,US,Inactive
C100057,timothy22@example.net,2025-01-24,CA,Active
C100058,nicholas46@example.net,2025-09-15,US,Active
C100059,susan18@example.net,2024-08-17,US,Active
C100060,rbryant@example.org,2024-10-26,DE,Active
C100061,gonzalesmartha@example.com,2025-09-28,CA,Active
C100062,christopherporter@example.com,2025-06-03,US,Active
C100063,kellyvelez@example.org,2025-06-08,GB,Active
C100064,joshua79@example.com,2024-09-25,IN,Active
C100065,whicks@example.net,2024-04-23,US,Active
C100066,torresanita@example.com,2025-03-09,DE,Active
C100067,robert20@example.org,2024-10-31,US,Inactive
C100068,jenniferherrera@example.com,2025-05-12,US,Active
C100069,rodriguezterry@example.net,2024-09-03,IN,Active
C100070,hallbrittney@example.net,2024-03-08,US,Inactive
C100071,williamwatson@example.net,2024-05-24,GB,Inactive
C100072,gyu@example.com,2025-11-15,DE,Active
C100073,lance29@example.com,2025-01-11,GB,Active
C100074,jessica68@example.org,2024-09-21,US,Active
C100075,fstrickland@example.com,2025-07-25,US,Inactive
C102856,torrescaleb@example.com,2025-08-01,US,Active
C100077,meyersgabrielle@example.com,2024-03-24,US,Active
C100078,davidhines@example.org,2025-10-02,CA,Inactive
C100079,not-an-email,2024-03-08,US,Active
C100080,william66@example.net,2024-06-26,IN,Active
C100081,tgonzalez@example.net,2024-12-16,US,Active
C100082,daltoncarolyn@example.com,2024-05-19,US,Active
C100083,sonya25@example.com,2026-01-11,US,Active
C100084,vincent26@example.org,2024-05-03,CA,Active
C100085,ssalazar@example.com,2025-10-26,GB,Active
C100086,zharris@example.com,2025-09-12,US,Active
C100087,anthony66@example.com,2025-03-24,US,Active
C100088,arnoldalison@example.com,2025-12-11,US,Active
C100089,darlenerivera@example.com,2024-09-20,US,Inactive
C100090,markwhitney@example.net,2026-01-01,US,Active
C100091,nwelch@example.net,2024-05-22,US,Active
C100092,dillonramsey@example.com,2025-05-11,US,Inactive
C100093,dianestewart@example.com,2024-06-04,IN,Active
C100094,emorris@example.com,2025-04-14,US,Active
C100095,xgeorge@example.org,2025-10-13,US,Active
C100096,lindsay69@example.net,2024-02-17,GB,Active
C100097,jessicawright@example.com,2024-10-05,CA,Inactive
C100098,leeblake@example.org,2025-02-25,CA,Active
C100099,hicksbenjamin@example.com,2024-05-01,US,Active
C100100,justin68@example.net,2024-11-03,DE,Active
C100101,duffyjeremy@example.net,2025-02-25,US,Active
C100102,mark43@example.net,2024-08-03,DE,Active
C100103,john98@example.com,2025-11-08,CA,Active
C100104,bryantdiana@example.com,2024-03-24,DE,Active
C100105,jamie72@example.com,2025-12-08,IN,Active
C100106,wilsonwendy@example.com,2024-05-19,US,Active
C100107,johngilbert@example.net,2025-01-01,US,Active
C100108,nelsonjoshua@example.org,2024-04-28,US,Active
C100109,melissa88@example.net,2024-12-13,MX,Active
C100110,patriciawagner@example.net,2025-04-10,XX,Active
C100111,qcampbell@example.com,2025-07-25,DE,Active
C100112,kristen56@example.com,2025-11-03,US,Active
C100113,zbryan@example.com,2024-07-19,CA,Active
C100114,lelliott@example.org,2024-08-04,US,Active
C100115,michaelhopkins@example.org,2025-12-10,US,Active
C100116,lsmith@example.net,2025-02-20,US,Inactive
C100117,frankfields@example.org,2025-06-21,DE,Inactive
C100118,stevengalvan@example.com,2024-04-16,IN,Active
C100119,jshort@example.com,2025-04-01,CA,Active
C100120,pateltyler@example.net,2025-08-25,US,Active
C100121,timothyjenkins@example.com,2024-09-27,DE,Active
C100122,fvalentine@example.com,2025-02-13,US,Active
C100123,shawnmorgan@example.net,2024-08-04,US,Active
C100124,michael74@example.net,2024-08-16,US,Active
C100125,calvin38@example.org,2024-10-08,US,Active
C100126,kathleenmora@example.com,2024-10-29,US,Active
C100127,hendersonmonica@example.com,2024-07-25,IN,Inactive
C100128,matthewkelley@example.net,2024-09-07,US,Active
C100129,carrillopatricia@example.com,2025-01-05,DE,Active
C100130,derrickreynolds@example.org,2025-02-28,DE,Active
C100131,sarmstrong@example.net,2025-08-16,US,Active
C100132,mandyhamilton@example.com,2025-05-10,US,Active
C100133,cookalice@example.com,2025-02-05,US,Active
C100134,rmoore@example.net,2025-10-23,US,Active
C100135,chughes@example.com,2025-04-02,IN,Active
C100136,,2024-04-06,IN,Active
C100137,qklein@example.com,2024-11-26,GB,Active
C100138,jacobnorton@example.org,2025-04-12,IN,Active
C104946,ahill@example.com,2025-07-14,US,Active
C100140,gabriellaschneider@example.com,2025-04-09,US,Active
C100141,brentmartinez@example.com,2024-02-10,US,Active
C100142,leahclark@example.net,2025-03-27,GB,Active
C100143,stewartrodney@example.net,2025-02-15,CA,Inactive
C100144,john81@example.com,2025-01-28,US,Active
C100145,markfigueroa@example.com,2025-07-14,MX,Active
C100146,tadams@example.com,2024-04-08,GB,Active
C100147,xconrad@example.org,2025-07-21,DE,Active
C100148,michael93@example.net,2024-10-04,US,Active
C100149,garciaanthony@example.net,2025-02-26,US,Active
C100150,lcooke@example.net,2024-09-20,IN,Active
C100151,charlesalexander@example.net,2025-07-26,GB,Active
C100152,rebecca80@example.net,2024-11-09,IN,Active
C100153,marcusgonzalez@example.org,2025-04-26,US,Inactive
C100154,jeremy09@example.net,2025-01-18,GB,Inactive
C100155,contreraskevin@example.net,2024-12-09,DE,Active
C100156,sandranelson@example.org,2024-04-30,US,Active
C100157,jenniferfoster@example.com,2024-02-28,US,Active
C100158,frankmelissa@example.org,2025-06-18,DE,Active
C100159,jason72@example.net,2026-01-10,US,Active
C100160,chelsea17@example.org,2025-01-03,IN,Active
C100161,lisachaney@example.com,2025-03-07,IN,Inactive
C100162,alexamorris@example.org,2024-04-25,US,Active
C103625,robertchang@example.com,2024-03-06,IN,Active
C100164,jose64@example.com,2024-04-22,MX,Active
C100165,karen64@example.org,2025-06-14,US,Active
C100166,david40@example.com,2025-11-19,US,Active
C100167,millsgregory@example.org,2025-09-15,IN,Active
C100168,eroberts@example.com,2024-06-27,US,Active
C100169,rjohnson@example.net,2026-02-13,CA,Active
C100170,stephensedward@example.net,2024-03-13,US,Active
C100171,not-an-email,2024-08-01,DE,Inactive
C100172,john26@example.org,2024-03-17,GB,Active
C100173,christopher18@example.org,2025-09-24,US,Active
C100174,juliahawkins@example.net,2025-10-07,US,Active
C100175,garciadesiree@example.com,2025-03-04,CA,Inactive
C100176,megan73@example.net,2025-07-31,US,Active
C100177,sparks@example.org,2024-03-14,US,Active
C100178,danapadilla@example.org,2024-06-24,IN,Active
C100179,anthonylopez@example.org,2025-02-09,CA,Active
C100180,robin52@example.com,2024-03-15,DE,Active
C100181,gbaxter@example.org,2024-11-30,US,Active
C100182,lambertmitchell@example.com,2024-06-09,IN,Active
C100183,stephen32@example.org,2025-03-06,CA,Active
C100184,emily73@example.org,2025-08-29,US,Inactive
C100185,timothygoodwin@example.org,2025-03-05,CA,Active
C100186,armstrongpaul@example.net,2024-09-11,CA,Inactive
C100187,xlowery@example.com,2024-05-29,US,Active
C100188,hjenkins@example.com,2024-05-22,US,Active
C100189,kimberly73@example.net,2026-01-14,US,Active
C100190,uwood@example.com,2024-05-12,US,Active
C100191,michaelperry@example.com,2024-11-22,US,Active
C100192,katie72@example.org,2025-05-12,US,Active
C100193,christopherrowe@example.net,2025-04-18,US,Active
C100194,olsonshane@example.org,2024-09-22,US,Active
C100195,charlesschultz@example.net,2024-04-13,CA,Active
C100196,bestamy@example.com,2025-03-27,CA,Active
C100197,hamiltonrichard@example.org,2025-04-29,GB,Active
C100198,mark68@example.net,2024-09-22,US,Active
C100199,justinmurray@example.com,2025-02-22,US,Active
C100200,mayererin@example.com,2024-10-24,DE,Inactive
C100201,sherry52@example.net,2025-10-16,US,Active
C100202,jenniferhooper@example.net,2025-02-05,US,Active
C100203,floresbenjamin@example.net,2024-11-10,US,Active
C100204,ecooley@example.com,2025-01-29,DE,Active
C100205,michael56@example.net,2024-04-01,US,Active
C100206,bnguyen@example.com,2024-08-27,US,Active
C100207,njohnson@example.com,2025-11-23,DE,Inactive
C100208,jessica56@example.com,2024-02-15,US,Active
C100209,johnsondesiree@example.com,2024-07-28,US,Active
C100210,fred68@example.org,2025-04-17,IN,Inactive
C100211,qdiaz@example.com,2024-12-28,US,Active
C100212,james68@example.org,2025-08-20,GB,Active
C100213,amiller@example.com,2025-12-10,US,Active
C100214,davidcarter@example.net,2025-05-16,US,Active
C100215,ortizkevin@example.net,2025-07-07,DE,Inactive
C100216,nmiller@example.com,2024-06-04,CA,Active
C100217,zquinn@example.com,2025-09-10,US,Active
C100218,daniellebell@example.net,2026-01-26,US,Active
C100219,,2025-10-05,US,Active
C100220,mooremeredith@example.com,2025-08-08,US,Active
C100221,williamhughes@example.com,2024-07-31,US,Active
C100222,colleenhill@example.org,2025-11-26,US,Active
C100223,katelyn52@example.com,2026-01-30,US,Active
C100224,qstewart@example.net,2025-04-07,US,Active
C100225,,2025-10-19,CA,Active
C100226,gardnerbruce@example.org,2025-05-14,GB,Active
C100227,ethomas@example.org,2025-07-16,US,Active
C100228,brownjeffrey@example.org,2024-10-28,DE,Active
C100229,shepardfelicia@example.com,2025-02-25,DE,Active
C100230,gcollins@example.net,2025-08-17,IN,Active
C100231,trodriguez@example.net,2024-05-02,US,Active
C100232,,2025-10-16,US,Active
C100233,ajones@example.com,2024-02-20,IN,Active
C100234,aanderson@example.com,2024-11-21,US,Active
C100235,davismichael@example.net,2024-09-22,US,Inactive
C100236,davidadams@example.com,2024-06-23,US,Active
C100237,amy53@example.com,2024-05-18,US,Active
C100238,coconnell@example.org,2025-04-15,GB,Active
C100239,wileydarlene@example.net,2025-07-08,CA,Active
C100240,marshallbrett@example.org,2026-01-20,GB,Inactive
C100241,charles48@example.net,2025-02-13,IN,Active
C100242,michael19@example.org,2025-07-13,DE,Active
C100243,john29@example.org,2025-02-08,US,Active
C103639,atownsend@example.net,2025-07-22,MX,Inactive
C100245,buchananmelvin@example.org,2024-04-22,US,Active
C100246,shenderson@example.net,2026-01-22,GB,Active
C100247,hmitchell@example.com,2024-02-07,US,Active
C100248,laura63@example.org,2024-05-04,US,Inactive
C100249,stokesbrianna@example.org,2025-10-23,IN,Active
C100250,melissaschwartz@example.org,2025-01-08,GB,Active
C100251,carrrodney@example.org,2024-07-15,DE,Inactive
C100252,joshua48@example.com,2025-03-15,DE,Active
C100253,greergina@example.net,2024-03-15,US,Active
C100254,carla10@example.org,2024-11-02,MX,Active
C100255,,2025-05-28,DE,Active
C100256,uking@example.org,2025-08-21,DE,Active
C100257,probinson@example.com,2025-11-27,CA,Inactive
C100190,barnesjoseph@example.net,2024-07-24,US,Active
C100259,agordon@example.net,2024-08-14,US,Active
C100260,nmiller@example.org,2025-06-12,DE,Active
C100261,anthony00@example.org,2024-08-08,DE,Active
C100262,ohubbard@example.net,2024-07-26,DE,Active
C100263,shaunsmith@example.com,2025-07-05,US,Active
C100264,woodbecky@example.org,2025-04-09,DE,Active
C100265,colemanian@example.com,2025-06-13,US,Active
C100266,wilsonleslie@example.org,2024-04-06,DE,Inactive
C100267,anna75@example.com,2025-05-14,US,Active
C100268,bscott@example.com,2024-09-07,CA,Inactive
C100269,sheilagoodwin@example.org,2025-10-20,CA,Active
C100270,clarkrichard@example.com,2025-06-29,IN,Active
C100271,madison40@example.net,2024-10-12,US,Active
C100272,johnmedina@example.com,2024-05-12,US,Active
C100273,swilson@example.com,2024-09-11,CA,Active
C100274,angela40@example.net,2024-12-30,US,Inactive
C100275,smccoy@example.net,2026-01-06,US,Active
C100276,candace14@example.com,2025-08-05,DE,Active
C100277,hansenjeffrey@example.org,2025-03-19,IN,Active
C100278,reedmikayla@example.net,2026-02-13,GB,Active
C100279,jeffrey46@example.com,2025-05-01,US,Active
C100280,amandaroberts@example.net,2025-05-25,US,Active
C100281,yoderjimmy@example.com,2024-10-14,US,Active
C100282,christopher34@example.net,2025-11-02,GB,Active
C100283,julie53@example.net,2025-05-12,US,Inactive
C100284,ujackson@example.org,2024-12-20,MX,Active
C100285,heather89@example.com,2025-06-08,GB,Active
C100286,ybanks@example.net,2025-11-23,CA,Active
C100287,stephen99@example.net,2024-12-11,IN,Active
C100288,not-an-email,2025-05-25,US,Active
C100289,mariaburch@example.net,2025-12-19,US,Active
C100290,kevin54@example.net,2026-01-04,US,Active
C100291,ihenderson@example.org,2026-01-22,US,Active
C100292,brianshepard@example.com,2025-01-01,US,Active
C100293,tjackson@example.net,2025-05-12,US,Active
C100294,tyler81@example.net,2024-11-10,US,Active
C100295,martinezchristopher@example.org,2025-01-27,US,Active
C100296,susanlee@example.net,2024-11-17,US,Inactive
C100297,williamcobb@example.com,2024-06-02,US,Active
C100298,david64@example.org,2024-02-05,US,Active
C100299,bairdkristopher@example.com,2025-03-12,DE,Active
C100300,emilytucker@example.com,2025-08-26,US,Active
C100301,joshua46@example.com,2025-12-01,MX,Active
C100302,allenjacob@example.com,2025-01-19,XX,Inactive
C100303,jennarussell@example.org,2025-01-21,US,Active
C100304,jenkinsscott@example.net,2024-03-10,US,Active
C100305,cheryl45@example.net,2024-09-24,IN,Active
C100306,kristenwashington@example.com,2024-05-15,US,Active
C100307,kathleen87@example.com,2024-05-26,CA,Active
C100308,vaughntracy@example.net,2026-02-13,CA,Active
C100309,greenmariah@example.net,2025-06-19,US,Inactive
C100310,stephanie18@example.org,2025-10-15,CA,Active
C100311,jonesalexandra@example.org,2025-11-19,DE,Active
C100312,mccormickedward@example.com,2025-08-20,IN,Active
C100313,sandra91@example.net,2026-01-10,IN,Active
C100314,cmitchell@example.com,2025-04-19,DE,Active
C100315,jenniferyang@example.net,2025-03-10,CA,Active
C100316,josephmurray@example.org,2025-09-09,US,Active
C100317,zjohnson@example.org,2025-09-26,US,Active
C100318,alexandrafoster@example.net,2024-04-01,US,Active
C100319,anthony54@example.net,2025-05-30,GB,Active
C100320,thomas68@example.org,2025-07-17,US,Inactive
C100321,deannajones@example.org,2024-05-22,US,Active
C100322,not-an-email,2025-04-12,MX,Active
C100323,wlane@example.com,2025-09-05,IN,Active
C100324,tonya90@example.org,2025-02-08,US,Inactive
C100325,orrsteven@example.com,2025-03-31,US,Inactive
C100326,roweamber@example.org,2025-04-05,DE,Active
C100327,brianjohnson@example.org,2024-06-04,US,Active
C100328,lauravillarreal@example.net,2025-05-02,CA,Active
C100329,cgarcia@example.com,2024-10-11,DE,Active
C100330,daniel81@example.net,2025-06-02,CA,Active
C100331,not-an-email,2025-10-14,US,Active
C100332,vhernandez@example.org,2025-11-02,CA,Active
C100333,ricky84@example.net,2025-08-05,GB,Active
C100334,ssanchez@example.org,2025-06-12,GB,Inactive
C100335,deleontammy@example.com,2024-05-23,US,Active
C100336,william77@example.com,2024-12-06,GB,Active
C100337,herberttorres@example.com,2024-12-12,US,Inactive
C100338,ramirezthomas@example.org,2024-11-27,US,Active
C100339,dreed@example.net,2025-01-11,IN,Active
C100340,johnmiller@example.org,2024-05-23,US,Inactive
C100341,not-an-email,2026-01-21,US,Active
C100342,not-an-email,2025-11-30,GB,Inactive
C100343,johnsonjonathan@example.org,2025-05-20,US,Active
C100344,davissara@example.net,2024-11-06,GB,Active
C100345,adkinsjoseph@example.com,2025-12-27,US,Inactive
C100346,,2025-03-25,DE,Active
C100347,hwyatt@example.net,2026-02-13,US,Active
C100348,tkoch@example.org,2024-04-17,US,Inactive
C100349,nboyer@example.com,2026-01-24,GB,Inactive
C100350,terri52@example.com,2024-11-05,US,Active
C100351,brucekathleen@example.com,2024-10-15,CA,Active
C100352,millerbobby@example.net,2025-04-23,CA,Inactive
C100353,pamelajones@example.org,2025-02-06,US,Active
C100354,ycoleman@example.com,2025-01-10,US,Active
C100355,hogantimothy@example.org,2024-10-03,MX,Active
C100356,hunterpatricia@example.net,2024-06-02,IN,Active
C100357,deannamathews@example.com,2024-06-27,GB,Inactive
C100358,laurapark@example.net,2024-04-16,US,Active
C100359,hannahwood@example.com,2026-01-15,US,Active
C101593,amandarice@example.net,2024-06-18,US,Active
C100361,melinda37@example.org,2024-02-10,IN,Active
C100362,darlenegalloway@example.com,2025-01-20,US,Active
C100363,,2024-07-24,US,Active
C100364,paul96@example.com,2024-08-06,DE,Inactive
C100365,amanda17@example.net,2024-04-21,IN,Inactive
C100366,waynedudley@example.com,2026-01-22,US,Active
C100367,brandygarcia@example.org,2025-12-21,CA,Active
C100368,lauramoss@example.com,2024-09-13,DE,Active
C100369,thomas12@example.com,2024-11-23,US,Active
C100370,courtneynguyen@example.com,2025-03-05,US,Inactive
C100371,isaiah63@example.net,2024-11-03,GB,Active
C100372,kscott@example.com,2025-04-05,US,Active
C100373,yknight@example.net,2024-04-25,GB,Active
C100374,bbrooks@example.net,2025-04-19,US,Inactive
C100375,catherine45@example.com,2025-12-21,US,Active
C100376,frederickcheryl@example.org,2024-06-13,US,Active
C100377,romerojames@example.net,2025-10-13,US,Active
C100378,tamaracastro@example.com,2025-11-06,DE,Inactive
C100379,diana48@example.net,2025-07-06,US,Active
C100380,elizabeth68@example.com,2025-07-13,US,Active
C100381,kristycurry@example.com,2024-08-03,IN,Inactive
C100382,reeddonald@example.org,2024-02-06,US,Active
C100383,ann91@example.net,2025-08-24,US,Active
C100384,reyesdaniel@example.org,2025-09-28,XX,Active
C100385,elizabethsoto@example.net,2024-12-17,IN,Active
C100386,barnesmichael@example.net,2025-10-04,US,Active
C100387,williamsnicholas@example.org,2025-12-30,US,Active
C100388,perezbryan@example.org,2025-11-02,US,Inactive
C100389,fshaw@example.net,2024-02-26,US,Active
C100390,shirley52@example.net,2024-03-27,US,Active
C100391,crystal42@example.net,2025-01-08,US,Inactive
C100392,reeddrew@example.net,2024-05-18,GB,Active
C100393,carpenterdavid@example.net,2025-09-23,US,Inactive
C100394,kelly69@example.net,2025-06-15,US,Active
C100395,nmorales@example.com,2024-10-10,GB,Active
C100396,fhuff@example.org,2024-03-14,GB,Active
C100397,randall74@example.org,2025-08-04,IN,Active
C100398,fisherkevin@example.org,2024-08-31,US,Inactive
C100399,lindsey03@example.com,2025-05-15,US,Active
C100400,dominique90@example.com,2024-11-20,US,Active
C100401,xgarcia@example.org,2025-01-03,CA,Active
C100402,,2024-05-26,US,Active
C100403,brooksandrew@example.org,2025-12-07,US,Active
C100404,mooremallory@example.com,2025-05-29,US,Inactive
C100405,,2025-04-16,US,Active
C100406,susan35@example.net,2024-04-10,DE,Active
C100407,fhughes@example.com,2025-06-12,US,Inactive
C100408,,2025-08-01,IN,Active
C100409,rlawson@example.org,2025-08-03,MX,Active
C100410,wilkinsondiane@example.org,2024-10-24,US,Active
C100411,arice@example.org,2025-12-26,US,Active
C100412,kelliott@example.com,2024-05-23,US,Inactive
C100413,goodwinantonio@example.com,2025-07-13,US,Active
C100414,brownmichelle@example.org,2024-11-24,US,Active
C100415,egriffin@example.net,2024-10-11,US,Active
C100416,huynhandrew@example.com,2024-09-28,MX,Active
C100417,huangjoseph@example.net,2025-06-05,US,Active
C100418,gwatts@example.net,2025-09-13,GB,Inactive
C100419,sabrina41@example.net,2024-06-27,US,Active
C100420,rpage@example.com,2024-06-08,US,Active
C100421,harpersonya@example.net,2024-05-08,US,Active
C100422,sarah24@example.org,2025-12-02,US,Active
C100423,ksullivan@example.com,2025-11-29,GB,Inactive
C100424,jamesgallegos@example.org,2025-04-04,US,Active
C100425,klinejessica@example.net,2025-04-24,US,Inactive
C100426,elizabethhiggins@example.com,2025-02-17,MX,Active
C100427,xwright@example.com,2024-11-21,US,Inactive
C100428,bakerchristopher@example.com,2026-01-06,US,Inactive
C100429,rodriguezspencer@example.org,2025-04-24,DE,Active
C100430,donald27@example.net,2025-10-20,US,Active
C100431,matthewgutierrez@example.net,2025-03-07,US,Active
C100432,kimberlybrennan@example.net,2024-11-24,IN,Active
C100433,sheila48@example.org,2025-11-30,IN,Active
C100434,rbrown@example.org,2026-01-31,GB,Active
C100435,jennifergreen@example.com,2025-08-14,US,Active
C100436,zachary28@example.org,2026-02-13,US,Active
C100437,kimberlyshelton@example.com,2025-05-19,CA,Active
C100438,eric90@example.org,2024-08-31,DE,Inactive
C100439,christine83@example.net,2024-07-13,US,Active
C100440,darlene88@example.net,2024-03-04,GB,Active
C100441,karendavis@example.org,2024-10-06,US,Active
C100442,adkinskimberly@example.net,2025-04-20,US,Inactive
C100443,kimberly27@example.net,2024-04-28,US,Active
C100444,theresajones@example.org,2024-02-23,CA,Inactive
C100445,austin97@example.net,2024-12-08,IN,Active
C100446,joshua68@example.com,2025-12-19,GB,Active
C100447,kgriffin@example.com,2024-05-15,DE,Active
C100448,jhaas@example.net,2024-12-30,DE,Active
C100449,justinhatfield@example.com,2024-04-26,US,Active
C100450,cynthia56@example.org,2024-07-31,MX,Active
C100451,kellymitchell@example.com,2025-02-03,IN,Inactive
C100452,williamsjessica@example.org,2024-02-27,US,Active
C100453,jmullen@example.org,2025-02-14,IN,Active
C100454,bartlettbrandon@example.org,2024-09-07,US,Active
C100455,ayalaelizabeth@example.net,2025-01-05,MX,Active
C100456,daniel27@example.org,2024-09-27,DE,Active
C100457,mtaylor@example.org,2025-08-31,US,Active
C100458,erinjohnson@example.net,2024-07-24,DE,Active
C100459,xsmith@example.net,2025-08-03,DE,Active
C100460,georgealexandra@example.org,2025-03-25,US,Active
C100461,hamiltonerin@example.net,2025-11-06,US,Active
C100462,not-an-email,2025-02-10,US,Active
C100463,adamsbill@example.org,2024-03-13,GB,Active
C100464,alexandrafrancis@example.com,2024-10-07,DE,Active
C100465,amanda66@example.org,2025-05-24,US,Inactive
C100466,catherine93@example.org,2024-08-18,US,Active
C100467,williamssarah@example.com,2025-09-26,US,Active
C100468,vfisher@example.net,2025-03-08,US,Active
C100469,kwhite@example.org,2025-07-26,US,Active
C100470,,2025-07-09,US,Active
C100471,romerojeremy@example.net,2025-01-08,US,Active
C100472,russelltammy@example.net,2026-01-05,US,Active
C100473,christopher55@example.org,2024-05-01,US,Active
C100474,joshuaharris@example.com,2024-03-20,IN,Active
C100475,htran@example.org,2024-11-20,MX,Active
C100476,berrylaura@example.net,2025-12-04,DE,Inactive
C100477,fsmith@example.org,2024-11-16,DE,Active
C100478,richardbishop@example.org,2025-04-29,MX,Active
C100479,mhughes@example.com,2024-07-14,GB,Active
C100480,maria22@example.org,2025-08-01,DE,Active
C100481,carmen78@example.org,2025-03-12,US,Active
C100482,daniel57@example.net,2025-12-14,US,Active
C100483,juliecoleman@example.org,2025-04-18,US,Active
C100484,wellsryan@example.org,2024-04-20,CA,Active
C100485,lozanojustin@example.org,2025-09-29,US,Active
C100486,nortoncynthia@example.org,2024-06-01,CA,Active
C100487,jstephens@example.net,2024-09-20,US,Active
C100488,mandy23@example.com,2024-02-11,XX,Active
C100489,johnharris@example.com,2024-07-08,US,Inactive
C100490,rogerssamantha@example.org,2024-04-13,US,Inactive
C100491,turnerjimmy@example.org,2025-01-12,US,Active
C100492,ismith@example.net,2025-01-15,US,Active
C100493,ashley47@example.com,2025-04-06,US,Active
C100494,lawrencegerald@example.com,2024-12-02,US,Active
C103927,hillamanda@example.com,2024-07-04,US,Inactive
C100496,markbest@example.net,2024-06-14,US,Active
C100497,daniellerobinson@example.com,2024-09-25,US,Active
C100498,kmartinez@example.net,2025-12-12,US,Inactive
C100499,mendezmartha@example.org,2025-04-24,IN,Active
C100500,halelawrence@example.org,2025-08-06,US,Active
C100501,kimberlyrhodes@example.org,2024-04-22,US,Inactive
C100502,nburns@example.net,2026-01-06,DE,Active
C100503,yarnold@example.net,2025-08-07,IN,Active
C100504,amy58@example.org,2024-07-06,US,Inactive
C100505,,2024-11-23,CA,Active
C100506,rachelgraham@example.org,2025-12-09,IN,Active
C100507,hknight@example.org,2024-06-07,US,Inactive
C100508,james75@example.com,2026-01-01,US,Active
C100509,pacebradley@example.org,2024-11-08,US,Active
C100510,joseph22@example.net,2024-07-11,US,Inactive
C100511,pruittlisa@example.org,2024-06-24,CA,Active
C100512,kathryn11@example.org,2025-06-04,US,Active
C100513,robertjohnson@example.com,2024-11-28,IN,Inactive
C104446,walterhaas@example.com,2025-07-21,US,Active
C100515,hudsonkyle@example.com,2024-11-15,CA,Active
C100516,johnstonandrew@example.org,2024-09-03,CA,Active
C100517,mwilliams@example.com,2025-05-29,US,Active
C100518,zachary99@example.org,2025-02-26,US,Active
C100519,cartertommy@example.net,2024-04-13,US,Active
C100520,mayoalex@example.net,2025-08-26,GB,Active
C100521,karagonzalez@example.com,2025-03-20,DE,Inactive
C100522,caldwellkelsey@example.com,2024-06-15,MX,Active
C100523,francis75@example.net,2025-04-14,IN,Active
C100524,ortizbryan@example.com,2024-04-20,CA,Active
C100525,maryrichard@example.org,2025-12-09,US,Active
C100526,brettsullivan@example.com,2025-12-01,US,Active
C100527,hwilson@example.net,2025-03-20,DE,Active
C103020,marciapatel@example.org,2024-07-01,US,Active
C100529,vincenthoffman@example.net,2025-01-09,US,Inactive
C100530,nguyenlarry@example.org,2026-01-25,CA,Active
C100531,carrielopez@example.net,2024-11-02,US,Active
C100532,zacharyharris@example.net,2024-05-23,US,Inactive
C100533,,2025-01-31,IN,Inactive
C100534,laura00@example.com,2025-10-17,CA,Inactive
C100535,andrewstevens@example.net,2024-06-20,US,Active
C100536,fritzjennifer@example.net,2024-11-14,US,Active
C100537,colemanemily@example.org,2025-09-17,IN,Active
C100538,snichols@example.net,2025-11-28,US,Active
C100539,christinewalker@example.com,2024-12-10,US,Active
C100540,newmansherry@example.net,2024-07-14,US,Active
C100541,howardgarrison@example.org,2025-10-07,DE,Active
C100542,zparker@example.org,2025-12-20,US,Active
C100543,zacharybaker@example.net,2025-02-17,US,Active
C100544,christopher43@example.org,2024-04-27,CA,Active
C100545,ashleymontgomery@example.com,2024-11-05,US,Active
C100546,obrown@example.org,2025-12-14,US,Active
C103538,hartmanlogan@example.org,2024-07-09,US,Active
C100548,mmills@example.com,2025-02-11,US,Active
C100549,boylethomas@example.com,2025-12-26,IN,Active
C100550,dylandoyle@example.org,2025-04-04,DE,Active
C100551,townsendmichael@example.com,2025-05-24,US,Active
C100552,not-an-email,2024-10-27,US,Inactive
C100553,jeffrey49@example.com,2024-03-01,IN,Active
C100554,perezjennifer@example.com,2024-07-01,US,Inactive
C100555,mendozaolivia@example.com,2025-07-03,US,Inactive
C100556,angela26@example.org,2025-08-12,US,Active
C100557,murphyjohn@example.com,2025-10-07,DE,Active
C100558,heather15@example.com,2025-07-14,IN,Active
C100559,xhenderson@example.com,2025-02-28,US,Active
C100560,xrobertson@example.com,2026-01-25,IN,Active
C100561,ljackson@example.org,2024-03-21,US,Active
C100562,not-an-email,2024-06-27,US,Inactive
C100563,not-an-email,2026-01-07,GB,Active
C100564,ricky79@example.com,2024-05-07,DE,Inactive
C100565,mscott@example.org,2026-01-15,US,Active
C100566,gutierrezkenneth@example.org,2024-09-10,US,Inactive
C100567,williamspencer@example.com,2025-03-08,IN,Active
C100568,anthonymoreno@example.net,2025-08-14,US,Active
C100569,ewatts@example.com,2025-01-21,US,Active
C100570,sara63@example.net,2024-04-27,US,Active
C100571,cmurray@example.org,2024-04-09,US,Inactive
C100572,esampson@example.com,2025-10-05,US,Active
C100573,paul55@example.net,2025-04-25,US,Inactive
C100574,randy48@example.org,2025-09-22,US,Inactive
C100575,cantudenise@example.net,2024-07-12,IN,Active
C100576,nwilkinson@example.net,2025-03-20,US,Active
C100577,david43@example.org,2024-03-11,US,Active
C100578,dylan96@example.net,2024-10-27,US,Active
C100579,chandlerveronica@example.com,2025-11-30,US,Active
C100580,qmcfarland@example.org,2025-10-25,DE,Inactive
C100581,anita55@example.com,2025-04-29,US,Active
C100582,sryan@example.org,2025-01-13,US,Inactive
C100583,not-an-email,2024-07-18,US,Active
C100584,david54@example.com,2024-05-04,US,Active
C100585,hlopez@example.org,2025-03-04,MX,Active
C100586,daviesjennifer@example.net,2024-06-01,US,Active
C100587,johnathanhart@example.com,2024-12-17,US,Inactive
C100588,ithornton@example.org,2025-08-13,US,Active
C100589,,2024-06-20,US,Active
C100590,not-an-email,2025-12-18,IN,Active
C100591,kristamiller@example.org,2024-12-18,US,Active
C100592,carpenterchristy@example.org,2026-01-14,CA,Active
C100593,richard04@example.org,2026-02-13,CA,Active
C100594,griffinnicholas@example.org,2026-02-13,US,Inactive
C100595,uwilliams@example.org,2026-01-19,US,Active
C100596,william57@example.net,2025-09-10,CA,Active
C100597,deannagarcia@example.net,2025-09-25,US,Active
C100598,kellykatie@example.net,2024-06-24,CA,Active
C100599,qgreen@example.org,2025-10-20,MX,Active
C100600,ryanbriggs@example.org,2025-12-13,US,Active
C100601,bauereric@example.org,2026-01-04,DE,Active
C100602,michelleoconnor@example.com,2024-03-08,US,Active
C100603,not-an-email,2025-07-25,GB,Active
C100604,johnlevine@example.com,2024-11-12,CA,Active
C100605,martinvictor@example.org,2024-06-28,DE,Active
C100606,margaret76@example.com,2025-03-21,XX,Active
C100607,jenniferjarvis@example.net,2024-04-25,US,Active
C100608,william08@example.net,2024-09-30,DE,Active
C100609,mejialawrence@example.org,2025-02-24,GB,Active
C100610,julie64@example.net,2025-08-05,US,Active
C100611,wellsdaniel@example.com,2024-10-22,US,Active
C100612,thomasgordon@example.net,2024-11-09,CA,Active
C100613,salasamber@example.org,2024-05-07,US,Active
C100614,dmoody@example.org,2024-07-28,GB,Active
C100615,gatestaylor@example.org,2025-08-27,US,Active
C100616,alyssa68@example.com,2024-08-24,US,Active
C100617,angelnorton@example.com,2024-07-28,US,Active
C100618,millertammie@example.net,2025-07-12,GB,Active
C100619,brownstephanie@example.net,2024-07-29,US,Active
C100620,garciacheryl@example.com,2026-02-13,US,Active
C100621,leesantos@example.net,2024-12-20,US,Active
C100622,oscott@example.com,2024-03-18,US,Active
C100623,sabrina85@example.com,2025-12-13,DE,Inactive
C100624,williamskristina@example.com,2025-01-13,DE,Inactive
C100625,rwhite@example.net,2025-04-26,GB,Active
C100626,melvingrant@example.com,2025-08-11,US,Active
C100627,qlarsen@example.org,2024-04-03,US,Active
C100628,michaelstuart@example.org,2024-12-29,CA,Active
C100629,nicole34@example.org,2025-03-24,US,Active
C104197,haleymichelle@example.net,2024-06-26,DE,Inactive
C100631,kim92@example.org,2025-09-04,DE,Inactive
C100632,paulbrown@example.com,2024-05-31,US,Active
C100633,sextonbryan@example.net,2024-09-20,CA,Inactive
C100634,greerjohn@example.org,2024-12-15,CA,Active
C100635,ycain@example.net,2024-10-12,US,Active
C100636,hensleymichael@example.com,2025-08-01,IN,Active
C100637,andrewsmith@example.com,2024-03-17,DE,Active
C100638,rwhite@example.com,2025-06-07,US,Active
C100639,wilsonkaren@example.com,2024-06-23,US,Inactive
C100640,john45@example.com,2025-08-18,MX,Active
C100641,lance01@example.com,2024-05-16,US,Active
C100642,swatson@example.net,2024-10-10,US,Active
C100643,agould@example.org,2026-01-07,US,Active
C100644,melissamoore@example.org,2025-08-22,GB,Active
C100645,ngarcia@example.org,2025-08-23,DE,Active
C100646,sydney42@example.com,2025-06-11,CA,Inactive
C100647,daveneal@example.com,2024-02-07,US,Active
C100648,nmorgan@example.net,2025-11-19,DE,Active
C100649,tamarahammond@example.com,2025-02-16,US,Active
C100650,nolannicholas@example.org,2024-05-28,US,Active
C100651,reneethomas@example.com,2024-11-01,US,Active
C100652,mark84@example.com,2025-07-28,CA,Active
C100653,not-an-email,2025-10-24,IN,Active
C100654,danielle61@example.com,2025-05-25,IN,Active
C100655,shane51@example.org,2024-11-24,GB,Active
C100656,adamschristopher@example.net,2026-01-11,US,Active
C100657,stewartmelissa@example.net,2024-04-15,US,Active
C100658,jamesbest@example.net,2024-07-26,GB,Inactive
C100659,ahenderson@example.com,2024-09-02,DE,Active
C100660,vsmith@example.net,2025-04-17,US,Active
C100661,tware@example.org,2024-08-22,IN,Active
C100662,danielle78@example.org,2025-12-13,DE,Active
C100663,chad25@example.com,2024-07-17,US,Active
C100218,michelehudson@example.org,2025-08-30,GB,Active
C100665,davismelissa@example.net,2025-05-15,IN,Inactive
C100666,coleisaiah@example.org,2024-08-03,US,Active
C100667,roger85@example.com,2025-10-14,DE,Active
C100668,yglenn@example.org,2024-04-16,GB,Active
C100669,thester@example.net,2025-04-30,GB,Inactive
C100670,lindaatkins@example.org,2024-04-21,US,Inactive
C100671,doughertynatalie@example.org,2025-07-19,US,Active
C100672,brandymartin@example.net,2024-03-09,GB,Active
C100673,normancarla@example.org,2025-09-24,US,Active
C100674,anthonywood@example.com,2024-09-16,US,Active
C100675,hernandezcharles@example.net,2025-02-05,US,Active
C100676,phyllis70@example.org,2026-01-05,US,Active
C100677,caitlin40@example.org,2025-12-01,MX,Active
C100678,romeropaul@example.org,2025-09-07,GB,Inactive
C100679,zacharystephens@example.com,2024-06-20,GB,Inactive
C100680,austinjones@example.org,2024-05-28,US,Active
C100681,brian78@example.com,2026-01-21,US,Inactive
C100682,saguirre@example.org,2024-07-15,US,Inactive
C100683,laurenthomas@example.net,2024-04-12,US,Active
C100684,lorihenry@example.net,2025-04-17,IN,Inactive
C100685,rramos@example.org,2024-11-09,US,Active
C100686,madelinemeza@example.net,2024-07-04,CA,Active
C100687,brendahurley@example.com,2024-10-07,DE,Active
C102137,gloria53@example.org,2025-01-01,GB,Active
C100689,gregdoyle@example.org,2024-07-13,US,Active
C100690,cunninghammichael@example.com,2024-12-30,DE,Active
C100691,not-an-email,2024-10-15,US,Inactive
C100692,ann91@example.org,2025-10-28,GB,Active
C100693,jcrawford@example.com,2024-03-12,DE,Active
C100694,robinfrank@example.org,2025-07-24,US,Active
C100695,shawn37@example.net,2025-11-11,GB,Active
C100696,christopherwelch@example.net,2025-09-06,US,Inactive
C100697,wardjohn@example.net,2024-07-21,GB,Active
C100698,ygomez@example.org,2024-11-01,US,Active
C100699,ybolton@example.net,2024-05-04,CA,Active
C100700,jenniferdixon@example.org,2024-12-28,DE,Active
C100701,buckashley@example.org,2024-03-17,CA,Active
C100702,,2024-10-16,IN,Inactive
C100703,hardinmichael@example.com,2025-06-12,US,Active
C100704,not-an-email,2025-12-07,US,Active
C100705,bonnie22@example.com,2024-06-20,US,Inactive
C100706,jeffery39@example.org,2024-05-02,US,Active
C100707,amy69@example.org,2025-02-23,CA,Active
C100708,jonesvalerie@example.com,2025-09-29,CA,Inactive
C100709,kjohnston@example.org,2024-09-15,US,Active
C100710,dblanchard@example.org,2025-05-14,US,Active
C100711,maryhughes@example.net,2024-06-05,US,Active
C100712,yreese@example.com,2025-01-10,US,Active
C100713,shepherdmitchell@example.org,2025-08-08,DE,Active
C100714,kelleythomas@example.net,2024-08-02,MX,Inactive
C100715,kennethrivera@example.com,2025-11-08,GB,Active
C100716,nwest@example.net,2024-04-01,US,Active
C100717,cervantesjessica@example.com,2025-05-23,US,Active
C100718,mullenmichelle@example.net,2025-11-28,US,Active
C100719,gabrielrhodes@example.org,2024-08-29,CA,Active
C100720,not-an-email,2025-05-02,US,Active
C100721,deannanorman@example.net,2025-04-29,MX,Active
C100722,nyork@example.net,2025-06-10,US,Active
C100723,cookjames@example.net,2024-12-17,US,Active
C100724,jonathan72@example.org,2024-04-07,GB,Active
C100725,toneal@example.net,2025-10-12,US,Active
C100726,ambersingh@example.com,2025-10-01,US,Active
C100727,amandabutler@example.net,2024-04-04,IN,Active
C100728,vanessatrevino@example.net,2025-05-01,US,Active
C100729,jonesmary@example.net,2026-02-01,US,Active
C100730,charlesgarcia@example.org,2025-07-26,US,Inactive
C100731,nicole45@example.net,2024-10-05,US,Inactive
C100859,mckenziegregory@example.org,2025-01-29,US,Active
C100733,campbelljoyce@example.net,2024-12-11,US,Active
C100734,owheeler@example.org,2024-07-11,US,Active
C100735,elizabeth72@example.org,2025-03-03,US,Active
C101983,ymartinez@example.com,2025-07-23,US,Inactive
C100737,tfloyd@example.net,2026-01-09,CA,Active
C100738,hwilliams@example.com,2024-06-05,CA,Active
C100739,donaldcruz@example.net,2024-09-02,US,Inactive
C100740,charles44@example.com,2025-08-11,US,Active
C100741,schwartzkyle@example.net,2025-01-28,IN,Active
C100742,scruz@example.org,2026-02-13,US,Active
C100743,shahjames@example.org,2025-06-15,CA,Inactive
C100744,eric76@example.com,2024-08-14,IN,Active
C100745,,2024-10-09,DE,Inactive
C100746,michelle20@example.net,2026-02-13,US,Active
C100747,rodgerskatherine@example.com,2025-06-05,US,Active
C100748,allison57@example.com,2025-10-03,IN,Inactive
C100749,sberry@example.org,2025-12-05,GB,Active
C100750,wzimmerman@example.com,2025-11-26,US,Active
C100751,jeremy69@example.com,2024-04-03,US,Active
C100752,randy25@example.com,2025-03-19,US,Active
C100753,dmason@example.net,2025-09-15,US,Active
C100754,troberts@example.com,2024-10-04,US,Inactive
C100755,bakermegan@example.org,2026-01-22,US,Active
C100756,shannon00@example.com,2024-12-25,CA,Active
C100757,,2026-01-16,US,Active
C100758,kgrimes@example.org,2024-09-22,US,Active
C100759,ritterjacob@example.net,2024-02-11,XX,Active
C100760,mccannjohn@example.org,2024-03-15,DE,Active
C100761,jfreeman@example.com,2025-02-16,US,Active
C100762,mosleyjeffrey@example.net,2025-04-21,US,Active
C100763,kmullins@example.net,2025-05-06,US,Active
C100764,washingtonrebecca@example.org,2025-11-16,IN,Active
C100765,rsmith@example.net,2025-06-15,US,Active
C100766,noahbooker@example.net,2024-05-23,GB,Active
C100767,whitneygraves@example.com,2026-01-04,US,Active
C100768,joshua10@example.com,2025-12-30,US,Active
C100769,alicia38@example.net,2025-07-28,US,Active
C100770,josephmorgan@example.org,2024-07-17,GB,Active
C100771,brittanywilcox@example.com,2024-09-28,CA,Active
C100772,,2024-12-20,GB,Active
C100773,joseph77@example.com,2024-07-15,US,Active
C100774,xscott@example.com,2025-07-07,CA,Active
C100775,maxwelllori@example.com,2024-06-13,US,Active
C100776,tanyaallen@example.net,2024-03-06,US,Active
C100777,benjaminmoran@example.net,2024-05-16,IN,Active
C100778,nicole96@example.org,2025-09-27,IN,Active
C100779,alejandra86@example.com,2024-09-12,IN,Active
C100780,gregorytony@example.org,2025-12-09,GB,Inactive
C100781,jimmygill@example.com,2024-06-26,IN,Active
C100782,kristin25@example.net,2025-11-25,US,Active
C100783,hadams@example.com,2024-03-19,CA,Active
C100784,xsharp@example.net,2025-04-26,CA,Active
C100785,heather40@example.com,2025-06-01,US,Active
C100786,madisonrobbins@example.org,2025-07-27,DE,Active
C100787,jonathanhenry@example.net,2025-07-15,US,Inactive
C100788,lcrawford@example.org,2025-02-10,GB,Active
C100789,katherinewoods@example.net,2026-01-11,US,Active
C100790,nking@example.net,2024-06-10,IN,Active
C100791,sharonlewis@example.org,2024-04-15,DE,Active
C100792,katherineruiz@example.net,2024-07-10,DE,Active
C100793,leebrandon@example.net,2025-04-09,IN,Active
C100794,melissacole@example.org,2025-04-30,MX,Inactive
C100795,kristinbrown@example.net,2025-03-05,US,Active
C100796,ayersdeanna@example.org,2024-05-24,US,Active
C100797,gcarpenter@example.org,2024-12-03,GB,Active
C100798,,2025-01-15,US,Active
C100799,kristi35@example.org,2025-07-21,DE,Active
C100800,ghall@example.org,2026-02-13,IN,Active
C100801,sanchezjohn@example.com,2024-06-21,DE,Active
C100802,noahli@example.com,2024-04-28,US,Active
C100803,allison21@example.com,2024-06-19,US,Active
C100804,crosbyvanessa@example.com,2025-06-19,US,Active
C100805,herrerakayla@example.net,2025-06-21,US,Active
C100806,wilsondawn@example.com,2024-12-02,US,Active
C100807,jhernandez@example.org,2024-09-14,MX,Active
C100808,christopherwood@example.org,2024-11-02,US,Active
C100809,michaellong@example.org,2024-10-06,US,Active
C100810,smoore@example.org,2025-01-02,US,Active
C100811,umendez@example.net,2024-07-03,US,Active
C100812,owilliams@example.org,2025-04-12,US,Active
C100813,wilsonstephanie@example.com,2025-07-26,GB,Inactive
C100814,nherrera@example.net,2024-04-17,US,Active
C100815,phillipsjames@example.org,2024-08-02,US,Active
C100816,delacruzjohn@example.com,2025-08-14,CA,Inactive
C100817,sjackson@example.org,2026-01-21,US,Active
C100818,hillkenneth@example.net,2026-01-19,US,Active
C100819,bwells@example.org,2025-09-05,IN,Active
C100820,zgill@example.org,2024-10-06,US,Active
C100821,youngsheila@example.com,2025-02-12,US,Inactive
C100822,charlesbrown@example.com,2024-09-27,US,Active
C100823,grace10@example.net,2024-07-04,IN,Active
C100824,hillrichard@example.org,2024-03-13,US,Active
C100825,jmills@example.org,2025-03-09,IN,Active
C100826,hsmith@example.org,2024-12-09,IN,Active
C100827,gburton@example.org,2025-11-07,DE,Active
C100828,inelson@example.net,2025-02-06,US,Inactive
C100829,joseburgess@example.com,2025-10-25,US,Inactive
C100830,davisjade@example.net,2024-11-14,US,Active
C100831,aclay@example.net,2024-06-29,US,Active
C100832,craigfischer@example.com,2024-02-27,MX,Active
C100833,rachel40@example.com,2025-02-08,US,Active
C100834,stephenhall@example.net,2025-06-10,US,Active
C100835,toddhenderson@example.net,2025-01-05,US,Inactive
C100836,lmueller@example.org,2025-01-09,CA,Active
C100837,rdaniels@example.com,2024-03-06,US,Active
C100838,haileydavies@example.org,2025-11-21,US,Active
C100839,jennifer44@example.net,2025-12-29,GB,Active
C100840,alvarezanita@example.org,2024-07-27,DE,Inactive
C100841,,2024-07-18,GB,Active
C100842,bobbymonroe@example.net,2025-04-21,IN,Active
C100843,brookecarson@example.org,2025-02-22,US,Active
C100844,paulfernandez@example.org,2024-06-02,US,Active
C100845,elizabeth88@example.com,2024-10-14,IN,Active
C100846,lhayes@example.com,2024-02-14,US,Active
C100847,robert52@example.org,2025-08-11,US,Active
C100848,holmesmelissa@example.org,2024-07-28,US,Active
C100849,michelle33@example.net,2025-11-30,US,Active
C100850,michaelwatts@example.net,2024-11-06,US,Active
C100851,qjenkins@example.org,2025-04-20,US,Active
C100852,johnbowman@example.net,2024-02-22,IN,Inactive
C100853,gerald18@example.net,2024-03-08,US,Active
C100854,jacob14@example.net,2025-02-06,GB,Active
C100855,galvanjared@example.com,2025-07-23,DE,Active
C100856,fwatson@example.com,2025-10-11,GB,Active
C100857,gpowell@example.net,2025-08-14,IN,Active
C100858,kelly56@example.net,2024-09-16,IN,Active
C100859,vdavis@example.org,2024-03-01,MX,Active
C100860,hollandchristopher@example.net,2024-04-12,GB,Active
C100861,johnsonrobert@example.net,2025-09-11,DE,Active
C100862,lthomas@example.org,2025-04-18,US,Active
C100863,vmitchell@example.net,2025-10-17,US,Active
C100864,barbarafitzgerald@example.net,2024-03-06,US,Active
C100865,eric16@example.com,2024-03-10,US,Inactive
C100866,seth47@example.com,2025-11-06,US,Active
C100867,jcampbell@example.com,2025-07-28,US,Active
C100868,joshua02@example.org,2026-02-13,US,Active
C100869,,2025-08-16,CA,Active
C100870,pbarnes@example.com,2024-10-18,DE,Active
C100871,cory26@example.com,2025-06-06,GB,Inactive
C100872,heidi66@example.com,2026-01-11,DE,Active
C100873,melissa71@example.org,2025-12-10,US,Active
C100874,jessica25@example.net,2025-02-22,CA,Active
C100875,christopherfox@example.net,2024-06-04,US,Active
C100876,weaverkathleen@example.org,2025-12-13,GB,Active
C100877,stoneshannon@example.net,2024-10-07,DE,Active
C100878,floydsara@example.net,2025-04-15,US,Active
C100879,sierrabaker@example.net,2024-03-26,US,Inactive
C100880,meadowskayla@example.com,2025-06-01,DE,Active
C100881,boliver@example.com,2024-08-12,CA,Active
C100882,jeremy58@example.com,2024-09-27,US,Active
C100883,,2025-07-08,IN,Active
C100884,mburns@example.org,2024-04-20,DE,Active
C100993,mindybauer@example.org,2025-08-19,US,Active
C100886,jon56@example.com,2025-12-07,IN,Inactive
C100887,blackjulie@example.com,2024-10-12,US,Active
C100888,angelarios@example.com,2024-09-20,US,Active
C100889,christophermercer@example.net,2025-03-12,US,Active
C100890,james84@example.org,2025-11-20,US,Active
C100891,smithmonica@example.com,2024-04-29,US,Active
C100892,,2025-05-26,US,Inactive
C100893,keithtaylor@example.net,2025-11-13,XX,Active
C100894,josejohnson@example.net,2025-08-03,US,Active
C100895,rachel13@example.net,2025-10-30,US,Active
C100896,not-an-email,2025-03-02,US,Active
C100897,michaelberg@example.com,2025-06-02,US,Active
C100898,crystal71@example.com,2024-11-11,CA,Active
C100899,hendersonnathan@example.net,2024-07-31,US,Active
C100900,tiffany92@example.net,2024-10-13,US,Active
C100901,sancheztodd@example.net,2024-08-16,US,Inactive
C100902,juliawilliams@example.org,2026-01-08,GB,Active
C100903,richardwatson@example.com,2025-07-06,MX,Inactive
C100904,ehowell@example.net,2024-12-13,US,Active
C100905,hensleyelizabeth@example.com,2024-12-23,US,Active
C100906,petersonveronica@example.com,2025-03-20,US,Active
C100907,michaelblake@example.org,2025-10-04,CA,Active
C100908,elizabethrobbins@example.net,2025-10-30,GB,Active
C100909,jennifersmith@example.net,2025-02-20,US,Active
C100910,prussell@example.com,2025-10-30,US,Inactive
C100911,jonathanking@example.org,2025-08-04,US,Active
C100912,smithrandy@example.org,2025-05-22,US,Active
C100913,angelica37@example.org,2024-09-17,US,Inactive
C100914,andrew26@example.net,2024-07-02,GB,Active
C100915,breannaboyd@example.com,2024-08-23,IN,Active
C100916,justin00@example.net,2024-09-04,CA,Active
C100917,kbrown@example.org,2025-04-21,US,Active
C100918,garciakayla@example.net,2024-09-09,US,Active
C100919,christopherbennett@example.com,2026-01-01,IN,Active
C100920,ablackburn@example.net,2025-07-20,US,Active
C100921,jacksonmark@example.com,2025-11-01,US,Active
C100922,wendyjohnston@example.org,2024-12-18,US,Active
C100923,allenjohn@example.net,2025-05-11,IN,Active
C100924,erica22@example.com,2025-11-20,US,Active
C100925,kelleystanley@example.com,2025-08-13,US,Active
C100926,karen87@example.org,2024-10-18,GB,Active
C100927,shawn62@example.org,2025-04-28,US,Active
C100928,michelle07@example.com,2025-12-05,US,Active
C100929,andrewschristian@example.net,2024-09-05,IN,Active
C100930,,2024-08-14,US,Active
C100931,lthompson@example.com,2024-12-07,CA,Active
C100932,jennifersharp@example.com,2025-02-01,DE,Active
C100933,davidbond@example.net,2025-07-25,MX,Inactive
C100934,hector89@example.com,2024-12-12,US,Active
C100935,brewerbeth@example.org,2025-05-25,US,Active
C100936,davisjennifer@example.org,2024-03-25,GB,Active
C100937,boothdeborah@example.net,2024-02-10,US,Inactive
C100938,allenmelinda@example.net,2025-07-16,DE,Active
C100939,iobrien@example.org,2024-09-10,US,Inactive
C100940,noahpotter@example.com,2024-02-21,US,Active
C100941,qrobinson@example.net,2025-08-17,GB,Active
C100942,xramsey@example.org,2024-12-11,US,Inactive
C100943,frazierjohn@example.com,2024-11-22,DE,Active
C100944,terryrobbins@example.org,2024-05-23,US,Inactive
C100945,wardlisa@example.org,2024-04-26,MX,Active
C100946,bradleycourtney@example.net,2025-06-03,US,Active
C100947,victoriatran@example.com,2024-10-16,US,Active
C100948,danielsjonathon@example.net,2025-02-18,XX,Active
C100949,nhiggins@example.net,2025-10-26,US,Inactive
C100950,nclark@example.com,2024-10-27,CA,Active
C100951,connor76@example.org,2024-12-29,DE,Active
C100952,mary80@example.org,2025-06-24,US,Active
C100953,edward11@example.org,2024-04-27,GB,Inactive
C100954,bcollins@example.org,2024-03-09,US,Active
C100955,reginalddelacruz@example.net,2024-04-22,CA,Active
C100956,karl81@example.com,2024-03-27,US,Active
C100957,ashleybrown@example.org,2024-09-14,IN,Active
C100958,kaylahart@example.net,2025-04-13,US,Active
C103635,juliecooper@example.net,2024-11-15,CA,Active
C100960,david20@example.com,2025-03-15,GB,Inactive
C100961,danielskevin@example.net,2024-11-14,US,Active
C100962,butlereddie@example.net,2025-09-13,US,Active
C102950,yshaw@example.com,2025-02-27,MX,Inactive
C100964,htaylor@example.com,2025-12-14,US,Active
C100965,jessica72@example.net,2025-12-04,US,Active
C100966,annaclark@example.net,2025-01-24,US,Active
C100967,wyatt94@example.org,2025-10-16,US,Active
C100968,alyssa56@example.com,2025-12-14,GB,Active
C100969,yolanda49@example.org,2024-05-26,GB,Active
C100970,,2025-11-21,MX,Active
C100971,wolflauren@example.org,2024-08-13,DE,Active
C100972,zmarquez@example.net,2025-08-09,CA,Active
C100973,abooker@example.net,2025-12-07,IN,Active
C100974,benitezamanda@example.org,2025-06-26,MX,Active
C100975,ajackson@example.net,2025-06-08,IN,Active
C100976,bgalvan@example.org,2025-08-08,US,Active
C100977,not-an-email,2024-10-07,CA,Active
C100978,alexanderkerr@example.com,2025-01-20,US,Active
C100979,msnow@example.org,2025-08-09,MX,Active
C100980,harry77@example.org,2025-04-06,CA,Active
C100981,zlove@example.org,2025-09-08,US,Active
C100982,jason90@example.com,2025-05-04,US,Active
C100983,whiteryan@example.net,2025-10-11,DE,Active
C100984,,2025-02-22,US,Active
C100985,grayheather@example.com,2024-06-16,GB,Active
C100986,not-an-email,2024-07-15,CA,Active
C100987,,2024-09-07,US,Inactive
C100988,emilysmith@example.net,2024-10-08,GB,Active
C100989,dcollins@example.net,2024-08-15,US,Active
C100990,jennifer85@example.org,2024-10-29,US,Active
C100991,mikelopez@example.org,2025-12-05,US,Active
C100992,jstanley@example.com,2025-12-23,US,Active
C100993,bjones@example.com,2024-03-02,US,Active
C100994,crystalreid@example.net,2025-09-21,DE,Active
C100995,david97@example.net,2025-12-08,IN,Active
C100996,brittanymcdonald@example.org,2025-04-23,US,Inactive
C100997,blaircarmen@example.org,2025-12-14,US,Active
C100998,kimmichael@example.com,2025-11-09,US,Active
C100999,,2025-06-13,US,Active
C101000,not-an-email,2025-02-01,IN,Active
C101001,,2025-07-10,US,Inactive
C101002,not-an-email,2026-02-13,IN,Active
C101003,blakejustin@example.com,2025-08-26,US,Active
C101004,kennedydeborah@example.net,2025-05-17,US,Active
C101005,nfowler@example.net,2025-06-30,DE,Active
C101006,laura25@example.net,2024-07-23,US,Active
C101007,nathandavis@example.net,2026-01-29,US,Active
C101008,coreyporter@example.com,2024-07-10,US,Active
C101009,chelseasmith@example.org,2024-09-04,US,Inactive
C101010,brian07@example.com,2025-11-30,IN,Active
C101011,christophermccarthy@example.org,2024-08-08,CA,Active
C101012,andrew17@example.net,2025-05-09,MX,Active
C101013,hneal@example.net,2024-03-01,CA,Active
C101014,amy61@example.net,2026-01-02,XX,Active
C101015,wrice@example.com,2025-09-14,US,Active
C101016,chapmanheather@example.org,2025-02-10,US,Active
C101017,lesliegomez@example.com,2024-05-14,US,Inactive
C101018,ngriffin@example.org,2025-02-23,US,Active
C101019,leeanna@example.org,2025-12-19,XX,Active
C101020,vmoran@example.net,2024-09-05,CA,Inactive
C101021,syoder@example.org,2024-09-28,MX,Active
C101022,caitlin36@example.org,2024-08-30,XX,Active
C101023,mark87@example.org,2025-11-01,CA,Active
C101024,welchnicole@example.net,2024-02-27,GB,Active
C101025,cole15@example.org,2025-06-11,US,Active
C101026,adamsjessica@example.net,2025-04-19,US,Active
C101027,irobinson@example.org,2024-04-03,US,Active
C101028,jacobdaniels@example.com,2026-01-30,GB,Active
C101029,antonio56@example.net,2024-10-31,CA,Active
C101030,dean97@example.com,2025-03-07,DE,Active
C101031,mark26@example.org,2024-05-15,US,Active
C101032,gonzalezsean@example.net,2025-12-10,US,Active
C101033,karen11@example.org,2024-10-18,US,Active
C101034,robin90@example.com,2024-02-07,US,Active
C101035,nicholschristopher@example.net,2024-04-08,GB,Inactive
C101036,xbaker@example.net,2024-11-23,MX,Active
C101037,jessica08@example.com,2025-09-22,IN,Active
C101038,nwiggins@example.com,2024-09-06,US,Inactive
C101039,gperkins@example.net,2025-03-24,US,Active
C101040,kcordova@example.org,2025-12-28,US,Active
C101041,jriggs@example.org,2025-01-27,US,Active
C101042,derek99@example.net,2024-02-27,US,Active
C101043,not-an-email,2024-03-13,DE,Active
C101044,qsteele@example.net,2024-10-17,US,Active
C101045,garciakathleen@example.com,2024-04-07,US,Active
C101046,nicole85@example.com,2024-08-20,DE,Active
C101047,bkoch@example.net,2025-12-01,DE,Inactive
C101048,rharrison@example.org,2025-11-23,US,Inactive
C101049,tmartin@example.org,2025-11-22,US,Active
C101050,michaelbeltran@example.org,2025-03-26,US,Active
C101051,gonzalezmark@example.net,2025-06-06,US,Active
C101052,rhonda37@example.net,2024-07-29,DE,Active
C101053,pricenicholas@example.com,2025-06-28,US,Active
C101054,ronaldburns@example.org,2025-02-18,US,Active
C101055,megan34@example.net,2024-11-05,GB,Active
C101056,jonathanmaynard@example.net,2024-06-28,CA,Inactive
C101057,denisewhite@example.org,2024-08-15,DE,Active
C101058,zbarnett@example.org,2024-09-03,GB,Active
C101059,brett96@example.org,2024-06-07,IN,Active
C101060,jmartin@example.net,2025-10-13,DE,Active
C101061,leonardcourtney@example.net,2024-03-24,IN,Active
C101062,bentonscott@example.com,2024-12-30,CA,Active
C101063,ericaayala@example.net,2025-08-13,DE,Active
C101064,cummingsmichele@example.org,2024-07-18,US,Active
C101065,robin51@example.com,2024-06-17,DE,Inactive
C101066,donna37@example.net,2025-01-27,US,Active
C101067,christinerussell@example.org,2024-11-14,CA,Active
C101068,fordtracy@example.com,2025-01-10,US,Active
C101069,,2024-09-16,US,Active
C101070,judith47@example.com,2025-04-03,DE,Active
C101071,,2024-03-23,DE,Inactive
C101072,not-an-email,2024-10-10,US,Active
C101073,kennethmalone@example.net,2025-06-03,GB,Active
C101074,lauraperez@example.com,2024-08-30,MX,Active
C101075,anthonyfranklin@example.net,2025-01-23,IN,Active
C101076,dsmith@example.com,2025-02-11,DE,Inactive
C100953,wnorris@example.org,2025-01-31,US,Active
C101078,elambert@example.com,2025-11-03,US,Active
C101079,ilynch@example.org,2025-12-17,MX,Active
C101080,parkslisa@example.org,2025-10-31,US,Active
C101081,emily68@example.com,2025-03-18,US,Inactive
C101082,mary87@example.com,2025-07-05,US,Active
C101083,hartjames@example.net,2025-03-17,IN,Active
C101084,fowlerjames@example.org,2025-05-18,US,Active
C101085,connorbrown@example.net,2024-02-26,US,Active
C101086,julielucas@example.com,2025-10-23,IN,Active
C101087,fgarcia@example.net,2024-12-08,US,Active
C101088,not-an-email,2025-03-16,US,Active
C101089,david68@example.net,2024-12-12,GB,Active
C101090,chenry@example.org,2024-06-05,US,Active
C101091,coxmelissa@example.com,2025-02-15,US,Active
C101092,anthony37@example.com,2025-11-16,CA,Active
C101093,not-an-email,2025-03-13,US,Active
C101094,bruce23@example.net,2024-08-20,US,Active
C101095,chrissmith@example.net,2024-04-12,US,Active
C101096,johnsonwilliam@example.org,2025-03-29,US,Active
C101097,xthompson@example.com,2025-10-24,GB,Active
C101098,jonathanfrancis@example.net,2024-10-24,US,Active
C101099,davisbilly@example.org,2026-01-26,US,Active
C101100,nelsonmark@example.org,2024-02-28,DE,Active
C101101,wnguyen@example.net,2025-03-24,GB,Inactive
C101102,qbrown@example.org,2025-11-08,MX,Active
C101103,sfoster@example.org,2025-03-23,MX,Inactive
C101104,tonya53@example.com,2025-02-21,US,Active
C101105,jlewis@example.org,2024-02-24,IN,Active
C101106,carlsonjill@example.com,2024-03-28,MX,Active
C101107,qjones@example.com,2025-09-21,US,Active
C101108,shawn59@example.com,2026-01-26,DE,Active
C101109,boltonkathleen@example.org,2024-07-13,US,Active
C101110,jamiebass@example.com,2025-08-07,US,Active
C101111,mistyrichards@example.com,2025-02-23,US,Active
C101112,brian32@example.net,2024-05-13,CA,Active
C101113,bsmith@example.net,2024-09-20,MX,Active
C101114,bradley85@example.org,2024-07-11,US,Inactive
C101115,jeanette72@example.net,2024-12-31,DE,Active
C101116,,2024-11-11,GB,Inactive
C101117,jeanette17@example.com,2025-09-15,CA,Active
C101118,rodriguezmichael@example.net,2025-10-13,US,Active
C101119,joshuatodd@example.net,2025-08-06,IN,Active
C101120,cchristian@example.com,2025-08-19,US,Active
C101121,nicholaswaller@example.net,2025-04-22,US,Active
C101122,jbrown@example.net,2024-05-01,GB,Active
C101123,kdickson@example.org,2025-11-24,US,Inactive
C101124,rebeccatorres@example.com,2024-06-04,MX,Active
C101125,changdeborah@example.com,2024-12-24,CA,Active
C101126,ineal@example.net,2024-02-25,CA,Active
C101127,kayla96@example.org,2024-04-23,US,Active
C101128,hgreene@example.org,2025-12-08,US,Inactive
C101129,edwinhinton@example.net,2026-01-14,GB,Active
C101130,yvillegas@example.org,2026-01-19,US,Active
C101131,christine38@example.org,2025-02-19,US,Active
C101132,randallrebecca@example.com,2025-07-25,US,Active
C101133,stephen82@example.net,2025-08-10,CA,Active
C101134,shunter@example.org,2025-06-17,US,Active
C101135,vlarson@example.com,2025-04-25,GB,Active
C101136,not-an-email,2024-03-08,US,Active
C101137,latasha61@example.com,2025-08-10,CA,Active
C101138,markstimothy@example.net,2024-07-06,US,Active
C101139,seangoodman@example.net,2025-07-12,US,Active
C101140,jamie50@example.org,2024-11-04,DE,Active
C101141,ashley04@example.net,2025-03-01,IN,Active
C101142,rebecca29@example.net,2025-08-10,US,Active
C101143,lindathompson@example.org,2024-02-09,US,Active
C101144,dixonkrystal@example.org,2025-01-03,US,Active
C100802,robert03@example.net,2024-12-02,US,Active
C101146,melissayoung@example.org,2024-12-02,CA,Inactive
C101147,scott50@example.org,2024-07-17,CA,Active
C101148,brian77@example.net,2024-03-01,US,Active
C101149,dvillarreal@example.org,2025-12-07,US,Active
C101150,vincentbailey@example.net,2024-04-30,US,Active
C101151,,2025-03-02,US,Active
C101152,kenneth35@example.net,2024-02-05,US,Active
C101153,not-an-email,2025-01-11,US,Active
C101154,stevenbrown@example.org,2025-03-10,IN,Active
C101155,jmarshall@example.org,2025-07-03,US,Inactive
C101156,bradley23@example.net,2024-05-06,CA,Active
C101157,wilsonkeith@example.org,2025-03-07,US,Inactive
C101158,charlesjones@example.net,2026-01-23,US,Active
C101159,mary16@example.com,2025-03-20,US,Inactive
C101160,veronica64@example.net,2024-12-06,US,Inactive
C101161,krichmond@example.net,2025-01-21,CA,Inactive
C101162,amanda72@example.net,2024-11-06,US,Inactive
C101163,kingernest@example.net,2024-11-17,GB,Active
C101164,shelby81@example.net,2025-03-24,US,Active
C101165,lindseykyle@example.net,2024-04-30,US,Active
C101166,joe28@example.net,2025-01-02,DE,Active
C101167,rebecca11@example.org,2024-08-25,IN,Active
C101168,peter71@example.org,2025-07-05,US,Active
C101169,crawfordandrea@example.net,2025-04-19,CA,Active
C100635,,2026-02-13,CA,Active
C101171,plara@example.com,2024-10-11,CA,Active
C101172,nelsongregory@example.net,2025-06-26,CA,Inactive
C101173,timothy41@example.net,2025-12-09,US,Active
C101174,sullivanjessica@example.com,2025-06-04,US,Active
C101175,cookzachary@example.org,2025-05-28,IN,Active
C101176,tylertaylor@example.net,2024-02-12,DE,Active
C101177,grayhunter@example.com,2025-06-02,US,Active
C101178,owhitney@example.net,2024-08-29,GB,Inactive
C101179,spearsbenjamin@example.org,2025-05-23,US,Active
C101180,samuelhendricks@example.net,2025-11-03,US,Inactive
C101181,jamesharrison@example.org,2025-09-06,US,Active
C101182,not-an-email,2025-02-16,US,Active
C101183,tmacias@example.net,2025-06-14,GB,Inactive
C101184,xherring@example.org,2025-12-01,US,Active
C101185,hallen@example.net,2024-04-26,US,Active
C101186,matthewriley@example.net,2024-08-09,US,Active
C101187,kellymichelle@example.com,2026-01-28,US,Active
C101188,not-an-email,2024-06-17,US,Inactive
C101189,margaret35@example.net,2025-12-17,DE,Active
C101190,alex07@example.org,2025-02-07,GB,Active
C101191,shawn27@example.org,2025-04-25,CA,Active
C101192,adamsmith@example.net,2025-11-03,US,Active
C101193,amanda72@example.com,2024-06-23,US,Active
C101194,fowlermichael@example.com,2024-03-23,US,Active
C101195,toddperry@example.org,2024-07-03,GB,Active
C101196,victoria43@example.com,2025-04-24,US,Active
C101197,vparker@example.net,2025-10-28,US,Active
C101198,chad80@example.com,2025-03-20,US,Inactive
C101199,luiswright@example.com,2025-08-06,DE,Active
C101200,,2024-04-15,US,Active
C101201,robert47@example.org,2024-03-26,GB,Active
C101202,hardinlisa@example.org,2024-04-06,US,Active
C101203,regina02@example.org,2025-08-10,US,Inactive
C101204,villarrealadam@example.net,2025-08-04,GB,Active
C101205,bferguson@example.net,2025-02-23,GB,Inactive
C101206,ebrown@example.net,2024-08-25,US,Active
C103406,leonardandrew@example.net,2024-12-18,US,Active
C101208,lauriemorgan@example.net,2024-07-24,US,Active
C101209,waltersrobert@example.com,2024-06-11,US,Active
C101210,patricia89@example.org,2024-09-20,DE,Active
C101211,elizabeth19@example.org,2025-05-16,GB,Active
C101212,jason70@example.org,2024-11-06,US,Active
C101213,acostajessica@example.net,2024-05-23,GB,Active
C101214,veronicaschmidt@example.com,2026-01-22,US,Active
C101215,brittney54@example.net,2025-03-31,US,Inactive
C101216,brooke16@example.com,2025-05-12,GB,Active
C101217,leviperez@example.net,2024-11-14,IN,Active
C101218,leekevin@example.com,2025-08-03,CA,Inactive
C101219,aguirrekelly@example.net,2025-09-01,DE,Active
C101220,carrillobrian@example.org,2024-08-03,CA,Active
C101221,rkaiser@example.org,2025-04-22,US,Active
C101222,ericanelson@example.com,2025-04-27,US,Active
C101223,,2025-02-06,CA,Active
C101224,thamilton@example.com,2024-08-19,US,Inactive
C101225,collierbryan@example.com,2024-09-24,US,Active
C101226,jonathan06@example.com,2024-11-03,US,Active
C101227,schmidtshelly@example.org,2024-03-23,US,Inactive
C101228,robinsonmadison@example.net,2024-12-27,DE,Active
C100121,johnmatthews@example.com,2024-04-14,IN,Active
C101230,fieldslindsay@example.org,2025-10-30,CA,Active
C101231,cindyevans@example.org,2025-08-21,US,Active
C101232,hornandrew@example.net,2024-08-17,MX,Active
C101233,hartmanerica@example.net,2025-09-23,US,Active
C101234,hhayes@example.com,2025-08-12,US,Active
C101235,sroberts@example.org,2025-09-09,DE,Inactive
C101236,aelliott@example.net,2025-12-05,DE,Inactive
C101237,vbird@example.com,2024-05-08,US,Active
C101238,susanlang@example.org,2025-01-08,US,Active
C101239,aroberts@example.com,2024-05-30,IN,Active
C101240,paula99@example.com,2024-06-07,IN,Active
C101241,meltonnancy@example.org,2024-09-03,MX,Active
C101242,,2025-05-16,CA,Active
C101243,not-an-email,2024-02-21,US,Active
C101244,browncraig@example.com,2025-12-19,GB,Active
C101245,mary75@example.net,2024-02-07,CA,Active
C101246,dana66@example.org,2024-12-29,MX,Active
C101247,teresa74@example.net,2026-01-31,US,Active
C101248,martha19@example.org,2024-08-21,US,Active
C101249,ghernandez@example.net,2024-03-21,US,Active
C101250,nelsondaniel@example.com,2024-06-22,US,Active
C101251,zoliver@example.org,2025-07-22,US,Inactive
C101252,birdjeremy@example.net,2025-12-23,US,Active
C101253,,2024-08-22,GB,Active
C101254,steven75@example.net,2025-07-14,US,Active
C101255,qstone@example.org,2024-03-03,US,Active
C101256,jacobsanders@example.org,2024-11-04,IN,Active
C101257,jack58@example.com,2024-08-20,CA,Active
C101258,millerbrittany@example.net,2024-03-24,DE,Active
C101259,joshuamiddleton@example.com,2025-07-07,US,Active
C101260,yvette94@example.org,2024-09-10,US,Active
C101261,mariocollins@example.org,2024-10-19,US,Active
C101262,warejessica@example.net,2025-10-17,IN,Active
C101263,michael04@example.net,2024-03-16,IN,Inactive
C101264,paceemily@example.com,2024-05-18,GB,Active
C101265,popeangela@example.net,2024-03-22,US,Active
C101266,skim@example.net,2025-06-21,US,Active
C101267,sweeneygregory@example.org,2024-09-08,MX,Active
C101268,,2026-01-23,IN,Active
C101269,howard14@example.net,2024-10-10,DE,Active
C101270,hilltanya@example.net,2024-03-04,US,Active
C101271,thamilton@example.net,2025-05-05,US,Active
C101272,douglas32@example.net,2025-12-18,US,Active
C101273,vnelson@example.com,2026-01-26,GB,Inactive
C101274,lramirez@example.org,2024-04-03,US,Active
C101275,reginald23@example.org,2024-09-03,US,Active
C101276,victoria63@example.org,2024-06-25,MX,Active
C101277,aporter@example.org,2025-08-11,CA,Active
C101278,eperez@example.com,2024-11-13,US,Inactive
C101279,jacqueline28@example.com,2025-03-02,IN,Inactive
C101280,aaron61@example.com,2025-08-12,CA,Inactive
C101281,kelly00@example.org,2025-10-14,US,Active
C101282,ireed@example.net,2024-12-04,US,Active
C101283,ovalencia@example.com,2025-05-06,GB,Active
C101284,mgonzalez@example.org,2024-10-17,CA,Active
C101285,johnalexander@example.net,2025-10-17,US,Active
C101286,annette10@example.org,2025-08-02,US,Active
C101287,timothy54@example.com,2025-10-05,DE,Active
C101288,joe17@example.net,2024-08-22,MX,Active
C101289,singhemily@example.net,2025-09-01,MX,Active
C101290,franciscynthia@example.com,2025-09-15,CA,Active
C101291,walshcarol@example.com,2024-06-06,US,Active
C101292,sharonfleming@example.net,2024-12-20,US,Active
C101293,cookalan@example.com,2024-02-15,IN,Active
C101294,howarderic@example.com,2024-05-11,US,Active
C101295,joseph14@example.org,2025-05-28,CA,Inactive
C101296,michael49@example.com,2025-11-20,US,Active
C101297,zjones@example.com,2025-11-08,US,Active
C101298,thomas74@example.org,2025-03-15,DE,Active
C101299,nathan74@example.net,2024-05-03,CA,Active
C100595,meredithmccall@example.net,2026-01-12,US,Active
C101301,sharon63@example.org,2025-09-12,US,Active
C101302,bentonsheri@example.net,2024-08-22,US,Active
C101303,jacobruiz@example.org,2025-03-22,MX,Active
C101304,seansanders@example.org,2024-02-15,US,Active
C101305,wilsonbarbara@example.org,2025-01-17,US,Active
C101306,christopher26@example.org,2024-10-12,US,Inactive
C101307,stacey43@example.com,2025-12-29,CA,Active
C101308,benjamin10@example.com,2025-06-21,GB,Active
C101309,amylogan@example.com,2026-02-13,US,Active
C101310,corey85@example.org,2024-05-18,US,Active
C101311,mfarmer@example.com,2024-09-27,US,Active
C101312,eking@example.org,2024-04-19,US,Active
C101313,brandy32@example.org,2024-04-13,CA,Active
C101314,clayton48@example.org,2024-03-03,US,Active
C101315,david24@example.org,2024-04-10,GB,Active
C100589,anelson@example.com,2025-03-08,US,Inactive
C101317,kellymichael@example.net,2025-01-27,GB,Active
C101318,gjohnson@example.org,2025-10-24,US,Inactive
C101319,zachary70@example.com,2025-01-18,US,Active
C101320,theodore71@example.net,2025-10-31,GB,Active
C101321,joshuatorres@example.net,2026-02-02,XX,Active
C101322,melvin09@example.com,2025-01-13,US,Inactive
C100386,carrillodavid@example.net,2025-04-16,IN,Active
C101324,hollymaddox@example.net,2025-08-30,US,Active
C101325,robertjoseph@example.org,2025-04-29,GB,Active
C101326,harveyjenna@example.com,2024-04-15,US,Active
C101327,jeffreyrobles@example.net,2024-04-06,US,Active
C101328,chase81@example.net,2024-05-17,CA,Active
C101351,mikayla00@example.net,2025-09-10,US,Active
C101330,mary74@example.net,2025-11-12,US,Inactive
C101331,htaylor@example.com,2025-02-07,US,Active
C101332,bryan30@example.net,2024-04-02,XX,Active
C101333,,2024-07-30,US,Inactive
C101334,wbecker@example.org,2025-09-14,US,Active
C101335,jenniferolson@example.org,2024-09-04,DE,Active
C101182,joelhahn@example.net,2024-06-23,US,Active
C101337,nicoleyoung@example.com,2024-04-19,GB,Active
C104464,erica47@example.net,2025-11-08,US,Active
C101339,ericelliott@example.net,2025-08-21,US,Active
C101340,vfuentes@example.net,2024-02-21,US,Active
C101341,smithrobert@example.net,2024-10-01,CA,Active
C101342,tylerjeffrey@example.org,2025-03-21,MX,Active
C101343,alvaradopaul@example.org,2025-06-12,US,Active
C101344,andrewmaldonado@example.net,2025-10-26,US,Active
C101345,lori14@example.net,2025-04-14,MX,Active
C101346,nicolemason@example.org,2024-11-20,US,Inactive
C101347,vramirez@example.org,2024-05-12,US,Inactive
C101348,madison76@example.net,2024-02-13,US,Active
C101349,qwest@example.net,2024-06-02,US,Inactive
C101350,ericascott@example.net,2025-02-22,IN,Active
C101351,bowersjennifer@example.org,2025-01-01,DE,Inactive
C101352,not-an-email,2025-06-03,US,Active
C101353,mitchelllaura@example.org,2025-03-16,US,Inactive
C101354,stoutfelicia@example.net,2025-02-19,US,Active
C101355,kimgrace@example.org,2024-12-20,MX,Inactive
C101356,robinsonmichael@example.net,2025-05-22,GB,Inactive
C101357,jessica00@example.com,2024-02-25,US,Active
C101358,henryanthony@example.org,2024-03-31,CA,Active
C101359,thomas29@example.org,2025-06-22,DE,Active
C101360,juan55@example.org,2025-02-01,DE,Active
C101361,ywilliamson@example.net,2025-11-26,US,Active
C101362,martinjason@example.com,2025-11-03,US,Active
C101363,alexandria65@example.net,2025-02-07,US,Active
C101364,ashleyvasquez@example.org,2025-03-02,US,Active
C101365,christina53@example.net,2024-03-15,CA,Active
C101326,operez@example.com,2025-07-10,DE,Inactive
C101367,jamesfrederick@example.net,2024-03-17,US,Active
C101368,debramason@example.net,2024-04-24,US,Active
C101369,morganwagner@example.com,2024-11-23,US,Inactive
C101370,rgray@example.net,2025-06-22,DE,Active
C101371,nicole71@example.org,2025-12-09,CA,Inactive
C101372,jmiller@example.net,2024-12-27,US,Active
C101373,smithdale@example.net,2024-08-03,US,Active
C101374,michellereid@example.net,2024-12-21,CA,Active
C101375,,2024-02-09,US,Active
C101376,efoster@example.net,2025-11-08,DE,Active
C101377,justinbowen@example.org,2024-10-27,MX,Active
C101378,kcarter@example.net,2024-08-14,DE,Active
C101379,ahughes@example.com,2024-09-30,CA,Active
C101380,fbrown@example.com,2024-02-26,IN,Active
C101381,nthomas@example.net,2024-03-01,IN,Inactive
C101382,hmckenzie@example.org,2024-02-26,GB,Active
C101383,millerkathryn@example.com,2024-02-19,GB,Active
C101384,pthompson@example.org,2024-11-12,GB,Active
C101385,travis11@example.org,2024-09-01,CA,Active
C101386,bcharles@example.net,2025-01-21,IN,Active
C101387,kristina54@example.net,2024-09-17,US,Active
C101388,austinnicholas@example.org,2025-01-10,CA,Active
C101389,samanthahill@example.com,2024-11-29,DE,Inactive
C101390,iwalker@example.com,2024-06-09,CA,Active
C101391,,2025-12-14,GB,Active
C101392,christine54@example.org,2025-11-24,MX,Active
C101393,barnettjulie@example.com,2025-03-20,MX,Active
C101394,qmurillo@example.com,2025-09-03,US,Active
C101395,jspencer@example.com,2024-07-05,US,Inactive
C101396,arnoldrobin@example.net,2025-02-24,US,Active
C101397,jenniferhart@example.org,2025-04-24,GB,Active
C101398,nfarrell@example.net,2024-10-09,DE,Active
C101399,melissa40@example.net,2024-11-16,CA,Active
C101400,bgregory@example.net,2025-04-24,GB,Active
C101401,patrick15@example.org,2025-05-19,US,Active
C101402,browngregory@example.org,2025-04-25,US,Inactive
C101403,flynch@example.net,2025-06-15,GB,Inactive
C101404,courtneyflowers@example.com,2024-07-31,IN,Active
C101405,navarrowilliam@example.net,2026-01-12,CA,Active
C101406,tobrien@example.com,2024-03-26,GB,Active
C101407,john56@example.net,2025-03-06,DE,Active
C101408,morrisonsteven@example.net,2025-04-13,US,Active
C101409,adampatel@example.com,2024-11-08,US,Active
C101410,uhumphrey@example.org,2024-11-06,US,Active
C101411,hcosta@example.org,2025-10-07,XX,Active
C101412,gomezsarah@example.com,2024-02-07,GB,Active
C101413,fgonzalez@example.net,2024-06-03,US,Active
C101414,dustin43@example.org,2025-09-18,US,Inactive
C101415,richardgerald@example.net,2024-05-27,US,Inactive
C101416,kaufmanjustin@example.com,2024-12-26,US,Active
C101417,fnguyen@example.com,2024-07-17,XX,Inactive
C101418,matthewmiles@example.net,2024-06-01,DE,Inactive
C101419,julie34@example.net,2024-04-27,CA,Active
C101420,qgonzalez@example.com,2024-05-22,US,Active
C101421,davisalejandro@example.org,2025-02-17,US,Inactive
C104238,lopezvictoria@example.org,2025-02-11,US,Active
C101423,pgross@example.com,2025-05-03,US,Inactive
C101424,timothycollins@example.com,2025-11-13,IN,Active
C101425,rruiz@example.com,2024-06-17,DE,Active
C101426,,2025-03-22,US,Active
C101427,jessewashington@example.net,2025-10-06,US,Active
C101428,mitchelljohn@example.com,2025-11-13,US,Active
C101429,,2024-12-25,DE,Active
C101430,sergio30@example.net,2025-07-19,US,Active
C101431,kathleensuarez@example.com,2025-07-31,GB,Active
C101432,kylebowman@example.com,2025-04-09,IN,Active
C101433,michelle10@example.net,2025-07-15,US,Active
C101434,katie99@example.com,2025-08-01,US,Active
C101435,rachelvargas@example.org,2025-08-25,US,Active
C101436,nicholasarias@example.org,2025-01-11,US,Inactive
C101437,bmorgan@example.net,2024-04-07,DE,Inactive
C101438,cervantesjeffrey@example.org,2024-09-18,XX,Active
C101439,ericajohnson@example.net,2025-12-28,US,Active
C101440,troy49@example.com,2026-01-23,IN,Active
C101441,pvalenzuela@example.net,2024-07-13,US,Active
C101442,seanfrederick@example.com,2025-04-25,US,Active
C101443,gabrielle74@example.net,2024-06-28,US,Active
C101444,hamiltonholly@example.net,2024-02-15,CA,Active
C101445,kristinsmith@example.org,2025-11-14,US,Active
C101446,vickifreeman@example.com,2025-10-09,IN,Active
C101447,rick95@example.com,2024-09-25,US,Active
C101448,jessehodge@example.org,2024-05-22,MX,Active
C101449,rsmith@example.com,2025-10-05,DE,Active
C101450,princedouglas@example.org,2025-12-02,US,Active
C101451,gibbsalexander@example.org,2025-05-18,IN,Active
C101452,not-an-email,2025-08-21,CA,Active
C101453,brendabutler@example.org,2024-12-03,DE,Active
C101454,melanie19@example.org,2024-08-14,US,Active
C101455,idavis@example.net,2025-09-13,US,Active
C101456,jenniferharrison@example.net,2025-05-29,US,Active
C101457,cedwards@example.net,2024-06-12,US,Active
C101458,smithrichard@example.org,2024-08-21,DE,Active
C101459,klopez@example.com,2026-02-13,US,Active
C101567,michaelperez@example.net,2025-03-04,US,Active
C101461,paulshelton@example.com,2024-07-01,US,Active
C101462,lopezmarisa@example.com,2025-06-10,US,Active
C101463,mandyhawkins@example.org,2025-11-06,IN,Inactive
C101464,reynoldsdavid@example.com,2024-08-01,US,Active
C101465,carlacastillo@example.com,2025-06-13,US,Active
C101466,alyssawalker@example.org,2026-01-11,CA,Active
C101467,sheri50@example.net,2024-11-07,CA,Active
C101468,tracymonroe@example.org,2024-03-02,GB,Inactive
C101469,lauren53@example.com,2024-11-02,CA,Active
C101470,ycampos@example.com,2024-09-26,US,Active
C101471,jonathan19@example.org,2024-02-05,US,Active
C101472,collinsjasmine@example.com,2024-06-08,US,Active
C101473,not-an-email,2025-04-12,IN,Active
C101474,griffinnatalie@example.com,2024-10-15,US,Active
C101475,meagan58@example.com,2024-07-26,US,Active
C101476,tammy30@example.org,2025-04-17,GB,Active
C101477,kennethphillips@example.com,2024-08-29,US,Active
C104245,coxjeremy@example.net,2024-09-09,US,Inactive
C101479,wperkins@example.com,2024-04-08,CA,Active
C101480,jenkinsbrittney@example.org,2024-07-31,US,Active
C101481,josefarley@example.com,2025-05-31,MX,Active
C101482,meyertyrone@example.com,2024-10-02,GB,Inactive
C101483,yreese@example.net,2024-06-17,IN,Active
C101484,thorntonlauren@example.com,2025-08-10,DE,Active
C101485,vibarra@example.org,2024-11-08,DE,Inactive
C101486,lisa11@example.com,2025-07-20,US,Active
C101487,angela72@example.net,2025-03-23,DE,Active
C101488,jennifermckay@example.com,2026-02-13,DE,Active
C101489,cruzjoshua@example.com,2025-10-19,US,Active
C101490,rebecca19@example.net,2026-01-05,GB,Inactive
C101491,daviddavid@example.org,2024-07-07,CA,Active
C101492,xwaters@example.org,2025-11-26,US,Inactive
C101493,jbrown@example.net,2024-07-13,GB,Active
C101494,,2024-08-08,US,Active
C101495,dyerrobin@example.org,2025-01-07,DE,Active
C101496,jjackson@example.com,2024-06-21,US,Active
C101497,coreyking@example.org,2024-07-01,DE,Active
C101498,brandon47@example.com,2024-08-04,US,Active
C101499,not-an-email,2025-07-31,US,Active
C101500,zmiller@example.org,2025-02-11,US,Active
C101501,mckayrachael@example.com,2025-01-20,US,Inactive
C101502,adamduffy@example.org,2024-08-13,US,Inactive
C101503,phenderson@example.net,2025-01-17,US,Active
C101504,shayes@example.net,2024-09-29,US,Active
C101505,hgordon@example.net,2025-10-04,US,Active
C101506,tombaker@example.com,2025-02-12,CA,Inactive
C101507,brandonfitzpatrick@example.com,2024-10-31,MX,Active
C101508,nball@example.net,2026-01-05,GB,Active
C101509,lconner@example.com,2025-02-02,US,Active
C101510,qfloyd@example.net,2025-07-02,IN,Active
C101511,reeddaniel@example.net,2025-01-27,IN,Active
C101512,danderson@example.org,2025-10-06,US,Inactive
C101513,taylorwebster@example.net,2024-06-25,US,Active
C101514,christinabrown@example.org,2026-01-04,MX,Active
C101515,,2025-06-18,US,Active
C101516,johnsonmark@example.net,2024-09-28,CA,Active
C101517,zacharywilson@example.com,2025-03-07,GB,Active
C101518,caldwellstacey@example.org,2025-05-22,US,Active
C101519,krista19@example.com,2024-08-21,US,Active
C101520,nsaunders@example.org,2024-07-04,US,Active
C101521,jacobsalexander@example.com,2024-12-30,CA,Inactive
C101522,not-an-email,2025-06-04,GB,Active
C101523,rodriguezbrian@example.net,2025-10-09,CA,Active
C101524,dstout@example.org,2024-05-14,US,Active
C101525,frankjennifer@example.net,2026-01-26,US,Active
C101526,gallagherjamie@example.net,2024-12-12,DE,Active
C101527,mollyfloyd@example.net,2024-12-04,US,Active
C101528,sethrusso@example.org,2025-05-07,GB,Active
C101529,porterjonathan@example.com,2024-08-31,US,Inactive
C101530,mary54@example.org,2024-08-19,CA,Active
C101531,flynnbrent@example.org,2024-12-08,US,Active
C101532,lfoley@example.org,2025-05-02,US,Active
C101533,nicole80@example.org,2025-07-07,US,Active
C101534,jennifer17@example.org,2025-06-18,US,Active
C101535,lhurst@example.net,2025-10-25,MX,Active
C101536,pclark@example.com,2025-05-18,IN,Active
C101537,alexanderolivia@example.net,2024-11-03,GB,Active
C101538,saundersmichael@example.com,2025-07-22,US,Active
C101539,tracy78@example.org,2025-02-07,US,Active
C101540,amanda73@example.org,2024-08-24,CA,Active
C101541,crystal17@example.net,2024-11-06,US,Active
C101542,dcallahan@example.com,2025-09-12,US,Active
C101543,bsmith@example.org,2025-09-17,MX,Active
C101544,riverajacqueline@example.com,2024-02-25,IN,Active
C101545,ahudson@example.net,2024-08-25,XX,Active
C101546,hamiltonthomas@example.org,2025-03-21,US,Active
C101547,ovazquez@example.org,2025-10-10,US,Active
C101548,nathan43@example.net,2024-07-01,IN,Active
C101549,kevinnixon@example.org,2024-07-04,IN,Active
C101550,kent57@example.net,2024-02-05,US,Active
C101551,valerie57@example.org,2025-02-19,XX,Active
C101552,walterjohn@example.net,2025-12-02,IN,Active
C101553,amber49@example.com,2025-03-31,DE,Inactive
C101554,diane69@example.com,2026-01-23,US,Active
C101555,saracruz@example.com,2025-10-10,US,Active
C101556,steven60@example.net,2025-06-02,IN,Active
C101557,zvargas@example.net,2025-07-29,US,Active
C101558,dwayne79@example.org,2024-09-18,US,Active
C101559,joselynn@example.com,2025-07-24,GB,Active
C101560,wzimmerman@example.com,2025-09-17,US,Active
C101561,duffyalexander@example.org,2024-04-15,DE,Active
C101562,rgolden@example.com,2025-09-19,DE,Active
C101563,karla20@example.org,2024-02-26,DE,Active
C101564,crystal83@example.net,2025-01-15,US,Active
C101565,not-an-email,2024-11-25,US,Active
C101566,patricia74@example.org,2025-02-16,US,Active
C101567,rita97@example.com,2025-10-26,US,Inactive
C101568,nelsonlori@example.org,2025-10-28,US,Active
C101569,dpowers@example.com,2024-08-03,DE,Active
C101570,lopezjeffrey@example.net,2025-03-01,IN,Active
C101571,stephenunderwood@example.net,2025-09-03,US,Active
C101572,david31@example.net,2025-04-06,US,Active
C101573,morrowbarbara@example.com,2024-12-27,CA,Active
C101574,darren62@example.net,2024-10-11,US,Active
C101575,gonzalesjoseph@example.net,2025-12-11,US,Active
C101576,nhuang@example.org,2024-06-18,US,Inactive
C101577,roserobinson@example.org,2024-09-26,US,Inactive
C101578,,2024-07-06,US,Active
C101579,ygarcia@example.org,2024-10-05,IN,Active
C101580,blake26@example.com,2026-01-03,US,Active
C101581,nnguyen@example.org,2024-06-30,IN,Active
C101582,,2026-01-25,US,Active
C101583,mindymitchell@example.net,2025-02-23,MX,Active
C101584,geraldhenderson@example.net,2024-05-09,US,Active
C101585,jameskelly@example.org,2024-12-09,US,Active
C101586,mayoperry@example.net,2025-02-01,US,Inactive
C101587,,2025-03-28,US,Active
C101588,howardcheryl@example.com,2024-05-20,US,Active
C101589,flynnjohn@example.net,2025-11-28,US,Active
C101590,tammysmith@example.net,2024-03-15,MX,Active
C101591,leblanctyler@example.com,2025-04-13,CA,Active
C101592,ronald12@example.org,2024-12-21,US,Active
C101593,lorimacias@example.org,2024-12-17,US,Inactive
C101594,,2024-07-13,IN,Inactive
C101595,tara49@example.com,2025-03-06,US,Active
C101596,lancesanders@example.net,2024-12-08,US,Active
C101597,donaldknight@example.com,2025-06-05,US,Active
C101598,glassrachel@example.com,2024-04-13,US,Active
C101599,casey90@example.net,2024-08-17,DE,Active
C101600,thomasderek@example.net,2024-10-21,US,Active
C101601,not-an-email,2024-03-23,US,Active
C101602,garrettpeck@example.net,2025-01-30,CA,Active
C101603,robertowens@example.net,2026-02-13,IN,Active
C103951,lauren80@example.org,2024-06-09,CA,Active
C101605,philip13@example.com,2025-05-22,US,Active
C101606,bauerpatrick@example.net,2024-08-05,GB,Active
C101607,alexandriaho@example.net,2026-01-19,US,Inactive
C101608,williamlee@example.net,2024-06-24,GB,Inactive
C101609,michael95@example.org,2024-12-17,MX,Active
C101610,turnermark@example.net,2025-05-24,IN,Active
C101611,smithalec@example.net,2024-06-14,CA,Active
C101612,jill01@example.net,2024-10-20,US,Active
C101613,luiswaters@example.com,2025-05-28,DE,Active
C101614,patrick64@example.com,2024-09-19,DE,Active
C101615,chapmanvictor@example.com,2025-02-14,US,Inactive
C101616,lozanorebecca@example.org,2025-08-06,US,Active
C101617,jamesgray@example.com,2025-05-31,US,Active
C101618,schurch@example.com,2024-07-29,GB,Inactive
C101619,scottthornton@example.com,2024-06-15,US,Active
C101620,elizabethholmes@example.org,2025-06-06,DE,Active
C101621,johnclark@example.net,2024-06-18,IN,Active
C101622,qmartin@example.com,2024-09-05,DE,Inactive
C101623,,2025-07-28,US,Active
C101624,pbaldwin@example.com,2025-07-01,US,Active
C101625,ronnie72@example.com,2025-05-28,MX,Inactive
C101626,jerry37@example.com,2024-08-27,US,Active
C101627,garciajames@example.org,2024-11-24,US,Active
C101628,chadjones@example.net,2025-05-21,US,Active
C101629,mmoore@example.net,2024-12-19,CA,Active
C101630,ngarcia@example.org,2025-05-22,US,Active
C101631,vargasandrea@example.org,2024-10-05,GB,Active
C101632,mmyers@example.com,2024-08-22,US,Inactive
C100133,ldunn@example.net,2024-09-08,CA,Active
C101634,miranda85@example.com,2025-03-03,US,Active
C101635,lisawhite@example.org,2025-08-01,DE,Active
C101636,karen10@example.net,2025-08-15,US,Active
C101637,stephanie81@example.net,2024-07-09,CA,Active
C101638,jordan61@example.org,2025-04-10,IN,Active
C101639,ybowen@example.org,2025-04-08,CA,Active
C101640,kellyoscar@example.com,2025-05-29,IN,Active
C101641,angela81@example.net,2026-01-05,GB,Inactive
C101642,dpetersen@example.org,2025-07-07,US,Active
C101643,rachel90@example.com,2025-04-29,GB,Active
C101644,terrelljessica@example.net,2025-09-29,GB,Active
C101645,tonya13@example.com,2025-10-29,DE,Active
C101646,dianaparker@example.org,2025-04-09,US,Inactive
C101647,thomasscott@example.com,2025-03-10,DE,Active
C101648,annaglenn@example.net,2025-09-08,IN,Active
C101649,lsanchez@example.net,2024-03-05,US,Active
C101650,michael02@example.com,2025-02-16,IN,Active
C101651,haynesdanielle@example.net,2025-08-27,US,Active
C101652,lisa27@example.com,2025-05-06,US,Active
C101653,chopkins@example.com,2024-05-05,DE,Active
C101654,lindsaybryan@example.org,2025-02-05,GB,Active
C101655,annmarshall@example.com,2024-02-04,US,Active
C101656,peter88@example.com,2025-02-24,US,Active
C101657,canderson@example.com,2024-03-19,MX,Active
C101658,kaufmanmark@example.com,2024-02-27,US,Active
C101659,taylormichael@example.net,2025-01-27,US,Active
C101660,mwatson@example.org,2025-03-02,CA,Active
C101661,millerpatrick@example.net,2024-11-29,US,Active
C101662,hughesstacey@example.com,2025-11-27,US,Active
C101663,bkennedy@example.com,2025-05-14,DE,Active
C101664,pwelch@example.net,2024-08-26,CA,Active
C102837,jennifer22@example.org,2025-07-08,US,Active
C101666,josephhines@example.net,2024-02-18,US,Inactive
C101667,katelyn74@example.com,2024-06-29,IN,Active
C101668,douglas77@example.org,2025-07-03,GB,Active
C101669,not-an-email,2024-10-13,IN,Active
C101670,barnesamy@example.com,2025-04-25,DE,Active
C101671,ronaldmolina@example.org,2025-08-20,MX,Active
C101672,alfred48@example.com,2024-05-07,IN,Active
C101673,derrickmerritt@example.com,2025-05-24,US,Active
C101674,yolandawright@example.net,2024-04-20,US,Active
C101675,allenjohn@example.org,2024-11-30,CA,Active
C101676,pachecokristin@example.org,2025-07-16,US,Active
C101677,danielbowman@example.com,2025-12-13,DE,Active
C101678,sparkspatricia@example.org,2024-04-30,US,Active
C101679,ryan24@example.net,2024-03-26,US,Active
C101680,cassandra29@example.com,2025-09-14,GB,Active
C101681,timothy65@example.net,2024-07-21,US,Active
C101682,bassemily@example.com,2024-06-22,US,Active
C101683,,2024-07-27,US,Active
C101684,eallen@example.net,2024-10-21,CA,Active
C101685,marcus39@example.net,2024-04-04,US,Inactive
C101686,michaelholmes@example.net,2025-06-13,MX,Active
C101687,hperez@example.net,2024-09-15,US,Active
C101688,jonesalexander@example.org,2024-02-14,US,Inactive
C101689,theodorelane@example.net,2025-07-08,US,Active
C101690,wmurphy@example.org,2025-04-19,US,Inactive
C101691,imatthews@example.net,2025-06-21,GB,Active
C101692,bobrien@example.org,2024-02-28,US,Active
C104333,tmoore@example.org,2025-01-24,DE,Active
C101694,webbbarbara@example.com,2024-11-10,MX,Active
C101695,linda76@example.org,2026-01-20,US,Active
C101696,icampbell@example.com,2025-09-30,GB,Active
C101697,mcneildaniel@example.org,2025-01-03,US,Active
C101698,not-an-email,2025-10-19,DE,Active
C101699,matthew86@example.org,2024-08-26,US,Active
C101700,jorge57@example.org,2024-05-23,DE,Active
C101701,mario52@example.com,2025-10-10,US,Inactive
C101702,tchavez@example.net,2024-02-26,US,Inactive
C101703,donaldmiller@example.com,2025-07-19,US,Active
C101704,osmith@example.org,2025-11-12,MX,Active
C101705,jodi24@example.org,2024-09-24,DE,Active
C101706,edward46@example.com,2024-12-08,GB,Inactive
C101707,not-an-email,2025-01-13,DE,Inactive
C101708,omar02@example.net,2025-01-18,US,Active
C101709,pschmidt@example.com,2025-02-08,DE,Active
C101710,doyledominique@example.com,2024-11-25,GB,Active
C101711,taylorkara@example.com,2026-01-16,CA,Active
C101712,russellcrawford@example.com,2024-10-20,DE,Active
C101713,mortonlorraine@example.com,2025-11-24,US,Inactive
C101714,ihardy@example.org,2025-11-28,CA,Active
C101715,rgould@example.com,2024-08-11,US,Active
C101716,jennifer34@example.org,2024-03-23,DE,Active
C101717,pdawson@example.org,2024-07-04,CA,Active
C101718,lpope@example.com,2024-12-24,MX,Active
C101719,lhernandez@example.com,2024-08-04,IN,Active
C101720,ortegachristopher@example.org,2025-07-08,US,Active
C101721,paige26@example.com,2024-11-15,US,Inactive
C101722,fparker@example.org,2025-03-13,CA,Active
C101723,bennettnicole@example.com,2025-11-06,US,Active
C101724,davidsmith@example.net,2025-09-08,US,Active
C101725,cynthiacole@example.com,2024-12-23,GB,Inactive
C101726,jefferyhart@example.org,2025-12-16,US,Active
C101727,matthewscarla@example.net,2025-11-26,CA,Active
C101728,pking@example.net,2025-03-12,US,Active
C101729,bishopjessica@example.com,2024-09-26,GB,Active
C101730,tperez@example.org,2024-03-18,IN,Active
C101731,ferrellpeter@example.com,2025-05-21,US,Active
C101732,ryan32@example.net,2025-12-20,DE,Active
C101733,jeremyrobinson@example.net,2024-08-11,US,Active
C101734,robertslisa@example.com,2024-02-17,DE,Active
C101735,stewartmelissa@example.com,2024-02-17,CA,Active
C101736,rodriguezsamantha@example.org,2024-05-05,GB,Inactive
C101737,moorelee@example.net,2026-01-27,DE,Active
C101738,hdunlap@example.net,2025-08-15,DE,Active
C101739,,2026-02-02,MX,Active
C101740,arnoldsara@example.com,2024-03-25,DE,Active
C101741,andreafreeman@example.com,2025-10-22,US,Active
C101742,jharris@example.org,2025-12-29,GB,Active
C101743,eric75@example.org,2025-08-08,MX,Inactive
C101744,,2025-03-05,GB,Active
C101745,paulsherman@example.net,2024-11-11,CA,Active
C101746,stephen70@example.com,2025-01-16,US,Active
C101747,awalsh@example.net,2025-11-06,US,Active
C101748,,2024-05-01,CA,Active
C101749,mckenzie88@example.net,2024-12-10,US,Inactive
C101750,tmorrison@example.com,2025-07-15,US,Active
C101751,ryanvictor@example.org,2025-08-23,US,Active
C101752,louiswatson@example.net,2024-09-24,DE,Inactive
C101753,bbrown@example.com,2025-02-04,US,Active
C101754,jessica17@example.net,2024-09-12,CA,Active
C101755,jimenezjohnny@example.org,2024-05-03,US,Active
C101756,thomas14@example.org,2025-08-11,US,Active
C101757,cassandra91@example.net,2025-04-25,GB,Active
C101758,swansonnancy@example.com,2024-06-14,GB,Active
C101759,kwilliams@example.org,2025-08-25,US,Active
C101760,malonejonathon@example.net,2025-08-01,US,Active
C101761,kellyroberts@example.net,2025-03-11,US,Inactive
C101762,audrey67@example.net,2025-12-05,US,Active
C101763,karenfarrell@example.org,2025-05-20,GB,Active
C101764,perezapril@example.net,2024-03-13,US,Active
C101765,phambrittney@example.net,2025-12-31,US,Active
C101766,timothy47@example.org,2025-02-28,US,Active
C101767,coreyrogers@example.net,2025-05-18,CA,Active
C101768,jennymassey@example.net,2024-06-14,CA,Active
C101769,david21@example.net,2026-02-13,US,Active
C101770,jenniferwilliams@example.org,2024-06-19,US,Active
C101771,uhall@example.net,2025-09-13,DE,Active
C101772,zchandler@example.org,2025-11-23,CA,Active
C101773,melissaroberts@example.org,2025-09-12,US,Active
C101774,bobby99@example.org,2025-09-30,US,Active
C101775,littleamy@example.net,2024-08-23,DE,Inactive
C101776,andrew59@example.org,2024-09-20,US,Active
C101777,jeffreysantana@example.com,2025-06-17,US,Active
C101778,stantonjonathan@example.org,2024-11-08,US,Active
C101779,james33@example.org,2025-03-25,MX,Active
C101780,beckycosta@example.com,2026-01-14,US,Active
C101781,thomasrussell@example.net,2025-06-14,CA,Active
C101782,megan34@example.org,2024-05-23,DE,Active
C101783,haroldbell@example.org,2025-05-25,US,Inactive
C101784,elizabeth41@example.com,2024-12-02,US,Active
C101785,barry30@example.com,2025-04-12,MX,Inactive
C101786,rebecca95@example.net,2024-06-04,US,Inactive
C101787,kgentry@example.com,2025-12-08,CA,Active
C101788,johnreyes@example.net,2024-08-25,US,Active
C101789,mitchellkeith@example.net,2024-10-30,US,Active
C101790,zpitts@example.org,2025-03-01,IN,Active
C101791,benjamin81@example.com,2025-11-10,GB,Active
C101792,dana28@example.net,2025-05-13,DE,Active
C101793,cbaker@example.net,2024-09-30,US,Active
C101794,kelly57@example.org,2025-08-23,US,Active
C101795,mariahcampbell@example.net,2025-10-28,IN,Active
C101796,christopher44@example.net,2025-10-16,US,Active
C101797,hernandezsteven@example.org,2026-01-30,US,Inactive
C101798,sjames@example.org,2025-01-18,GB,Active
C101799,reedjodi@example.org,2025-06-09,CA,Active
C101800,jamesjohnson@example.com,2025-01-01,US,Active
C101801,jsmith@example.com,2025-09-05,US,Active
C101802,sextonsarah@example.org,2024-11-30,US,Active
C101803,caleb18@example.net,2025-08-24,DE,Active
C101804,michaelwebb@example.com,2025-02-14,US,Active
C101805,bridgesheather@example.com,2025-05-20,US,Active
C101806,jimenezvanessa@example.org,2024-12-14,US,Active
C101807,anthony65@example.net,2025-03-06,GB,Inactive
C101808,,2024-12-02,GB,Active
C101809,simserika@example.org,2024-03-09,MX,Active
C101810,craigosborne@example.com,2025-07-16,CA,Active
C101811,vanessa86@example.com,2025-05-15,MX,Active
C101812,barbara71@example.org,2024-09-22,US,Active
C101813,sbolton@example.net,2024-02-19,DE,Active
C101814,gallowayjacob@example.net,2025-06-04,US,Active
C101815,omoreno@example.org,2024-06-20,IN,Active
C101816,gallagherdarin@example.com,2024-02-26,US,Active
C101817,thomas00@example.com,2025-07-02,US,Active
C101818,andersenrachel@example.net,2026-01-18,US,Active
C101819,james95@example.net,2025-01-16,US,Active
C101820,kmorrison@example.net,2025-06-16,US,Active
C101821,jacksonjennifer@example.net,2025-10-24,GB,Active
C101822,solisscott@example.com,2025-08-18,GB,Inactive
C101823,brownmarc@example.com,2026-01-31,US,Active
C101824,davidbridges@example.net,2024-07-30,US,Active
C101825,thomasdaniel@example.com,2026-01-20,US,Active
C101826,kentwalter@example.net,2025-08-07,CA,Active
C101827,carolreed@example.net,2024-04-07,US,Active
C101828,amyperry@example.net,2025-11-04,DE,Active
C101829,elizabethruiz@example.com,2024-09-15,US,Active
C101830,rubiodarren@example.org,2025-09-25,US,Active
C101831,christine75@example.net,2025-06-01,DE,Inactive
C101832,jamesreid@example.org,2025-09-02,MX,Active
C101833,gwang@example.net,2024-03-27,IN,Active
C101834,jacob59@example.org,2025-02-07,DE,Active
C101835,ivaughn@example.com,2025-10-31,GB,Active
C101836,zimmermankelly@example.net,2025-01-31,US,Inactive
C101837,joshua24@example.net,2025-10-30,US,Active
C101838,ewoodward@example.com,2024-12-17,US,Active
C101839,,2026-02-13,IN,Active
C101840,andrew59@example.org,2025-12-08,MX,Active
C101841,lindseyjohnson@example.com,2025-12-19,US,Active
C101842,gmack@example.net,2025-10-21,IN,Inactive
C101843,jenkinsjocelyn@example.org,2024-12-14,MX,Active
C101844,briancook@example.com,2024-09-12,US,Active
C101845,hansenanthony@example.net,2025-04-03,US,Active
C101846,jennifercantrell@example.com,2024-05-13,US,Active
C101847,pallen@example.org,2025-05-21,CA,Inactive
C101848,laura70@example.com,2025-12-19,US,Active
C101849,linda38@example.net,2024-08-24,US,Active
C101850,jeffreywarner@example.net,2025-10-15,US,Active
C101851,bonnie84@example.org,2024-05-25,US,Active
C101852,vclark@example.com,2024-12-26,CA,Active
C101853,zstafford@example.net,2025-10-18,MX,Active
C101854,martin16@example.net,2024-10-09,US,Active
C101855,drodriguez@example.com,2024-05-04,US,Active
C101856,craig68@example.net,2024-02-05,US,Inactive
C101857,jonathan79@example.org,2025-06-22,US,Active
C101858,edwardbeck@example.org,2025-12-04,US,Active
C101859,jacksonlauren@example.org,2025-03-11,US,Active
C101860,dhinton@example.com,2025-09-11,US,Inactive
C101861,,2024-11-27,US,Active
C101862,jhanson@example.org,2025-11-08,US,Active
C101863,nelsoncharles@example.com,2025-09-25,US,Active
C101864,richard70@example.org,2025-12-03,CA,Active
C101865,crosssandra@example.com,2025-05-17,US,Inactive
C101866,craigbell@example.com,2026-02-13,US,Active
C101867,kellymoore@example.net,2024-12-27,US,Active
C101868,sandra66@example.net,2024-09-14,MX,Active
C101869,mtyler@example.net,2024-03-03,US,Active
C101870,shannonliu@example.com,2024-04-25,DE,Inactive
C102264,wcarter@example.org,2025-12-20,GB,Active
C101872,xmercado@example.org,2024-03-09,IN,Active
C101873,hoconnell@example.org,2024-02-22,US,Inactive
C101874,brendarodriguez@example.com,2024-08-30,GB,Active
C101875,traci04@example.net,2025-07-20,GB,Inactive
C101876,jessica11@example.com,2024-07-31,US,Active
C101877,cwhite@example.com,2024-12-06,US,Active
C101878,dwolf@example.net,2024-11-22,GB,Inactive
C101879,dunlaplisa@example.org,2026-01-19,US,Active
C101880,karihenderson@example.com,2024-12-24,US,Active
C101881,nicolelong@example.net,2025-09-19,US,Active
C101882,martinbowman@example.net,2024-04-07,US,Active
C101883,brianna07@example.net,2025-01-06,CA,Inactive
C101884,wbecker@example.com,2024-08-01,CA,Active
C101885,grice@example.org,2025-10-16,CA,Active
C101886,kingwilliam@example.org,2024-10-12,US,Active
C101887,holtcollin@example.com,2024-06-19,US,Active
C101888,allenelizabeth@example.org,2025-03-06,US,Active
C101889,ejohnson@example.org,2025-07-06,US,Active
C101890,changjoseph@example.org,2025-09-12,US,Active
C101891,shannondavis@example.net,2024-11-24,US,Active
C101892,dmurphy@example.org,2025-12-03,IN,Active
C101893,xscott@example.net,2025-08-08,US,Active
C101894,huffrichard@example.org,2025-06-15,CA,Active
C101895,andrew10@example.net,2024-02-17,GB,Active
C101896,joshuamooney@example.com,2024-07-17,US,Active
C101897,susan99@example.org,2025-02-21,CA,Inactive
C101898,jacqueline17@example.net,2024-12-23,US,Active
C101899,ybaker@example.net,2024-08-03,US,Active
C101900,tonya13@example.com,2025-02-24,IN,Active
C101901,hillmichael@example.org,2025-01-15,IN,Active
C101902,nlynn@example.net,2024-12-03,IN,Active
C101903,julie41@example.net,2025-10-25,IN,Active
C101904,lauren37@example.net,2025-02-05,US,Active
C101905,christopher97@example.org,2025-03-02,CA,Active
C101906,andrew55@example.net,2025-05-29,GB,Active
C101907,theresaestrada@example.com,2024-08-11,US,Active
C101908,tylermatthew@example.org,2024-11-20,US,Active
C101909,donna63@example.org,2025-01-25,US,Active
C101910,,2024-12-14,MX,Active
C101911,sandravaughn@example.com,2025-05-24,IN,Active
C101912,brice@example.net,2026-01-31,IN,Inactive
C101913,not-an-email,2024-06-02,GB,Active
C101914,robinharper@example.net,2024-09-23,MX,Active
C101915,kthomas@example.org,2025-09-20,US,Inactive
C101916,nathanharris@example.org,2024-02-16,US,Active
C101917,harpercarrie@example.org,2026-02-01,US,Active
C101918,jay64@example.net,2024-06-20,GB,Active
C101919,scottfrancis@example.net,2024-05-29,US,Active
C101920,christopher52@example.net,2024-07-05,DE,Active
C101921,jamiejohnson@example.net,2024-04-02,CA,Active
C101922,sellersmichael@example.net,2024-11-28,CA,Active
C101923,marysmith@example.org,2024-07-03,US,Inactive
C101924,perezmark@example.org,2025-06-14,US,Active
C101925,greermichele@example.net,2024-07-14,US,Active
C101926,terri64@example.net,2024-07-25,CA,Active
C101927,,2024-12-28,MX,Active
C101928,rodneywhite@example.com,2024-08-22,US,Active
C101929,amanda24@example.net,2025-10-07,US,Active
C101930,dgoodwin@example.org,2024-06-13,IN,Active
C101931,colleen50@example.org,2024-04-16,MX,Active
C101932,geralddaniels@example.net,2024-09-09,US,Active
C101933,stephenboyd@example.com,2025-11-11,US,Active
C101934,wolferobert@example.org,2024-03-29,US,Inactive
C101935,monica46@example.com,2024-12-20,US,Active
C101936,uroberts@example.com,2024-12-10,US,Active
C101934,molinaashley@example.org,2025-04-10,MX,Active
C101938,jroach@example.net,2024-05-15,GB,Active
C101939,murphykatie@example.org,2024-10-31,DE,Active
C101940,ujohnson@example.com,2025-07-21,US,Inactive
C101941,not-an-email,2025-02-17,CA,Active
C101942,katelyn97@example.net,2025-01-07,US,Active
C101943,donaldwood@example.net,2024-05-04,US,Active
C101944,julie36@example.net,2025-11-11,MX,Active
C101945,jessicaelliott@example.net,2025-04-16,US,Active
C101946,wsuarez@example.com,2024-09-05,CA,Active
C101947,kelly39@example.net,2025-02-24,MX,Active
C101948,srussell@example.net,2024-07-31,US,Active
C101949,smanning@example.com,2025-09-04,MX,Active
C101950,dgill@example.org,2024-07-15,US,Active
C101951,landerson@example.net,2025-12-10,CA,Active
C101952,uwarren@example.net,2025-04-14,DE,Active
C101953,awest@example.com,2025-10-01,MX,Active
C101954,,2024-04-23,IN,Active
C101955,thomasaguirre@example.com,2026-01-27,US,Active
C101956,chambersanthony@example.net,2024-08-26,MX,Active
C101957,michaeldavis@example.net,2024-03-17,US,Inactive
C101958,patricia72@example.net,2024-07-14,GB,Active
C101959,xrodriguez@example.org,2025-05-10,US,Inactive
C101960,ashleyadams@example.com,2024-09-01,GB,Active
C101961,davidwolfe@example.org,2024-10-09,US,Active
C100964,dadams@example.net,2025-11-06,US,Active
C101963,christopherellis@example.net,2024-07-13,US,Inactive
C101964,jaredtaylor@example.com,2025-01-08,US,Active
C101965,murphydavid@example.net,2024-11-02,MX,Inactive
C101966,sarahbailey@example.org,2025-08-03,US,Active
C101967,ortizlydia@example.org,2025-05-29,US,Inactive
C101968,troy03@example.org,2026-02-13,US,Active
C101969,stevenrodriguez@example.com,2025-10-15,US,Active
C101970,ashley64@example.net,2024-07-11,US,Active
C101971,kimberly32@example.com,2025-10-26,GB,Active
C101972,xcarter@example.org,2025-05-08,CA,Active
C101973,davidphillips@example.net,2025-08-26,GB,Active
C101974,casey43@example.com,2024-10-26,US,Inactive
C101975,nelsonryan@example.org,2024-11-08,CA,Inactive
C101976,bushjennifer@example.com,2024-03-14,US,Active
C101977,suttonchelsea@example.org,2024-03-10,GB,Active
C101978,cnunez@example.net,2025-04-13,MX,Active
C101979,boydkristin@example.com,2024-08-29,US,Inactive
C101980,alee@example.net,2025-07-29,US,Active
C101981,rrodriguez@example.org,2024-12-15,US,Active
C101982,vanderson@example.org,2025-10-22,GB,Active
C101983,loretta84@example.net,2025-06-29,US,Active
C101984,parkerkathleen@example.com,2024-05-30,US,Active
C101985,gregory26@example.org,2024-02-13,US,Active
C101986,bkline@example.org,2024-10-31,CA,Active
C101987,jacquelinecastillo@example.com,2025-09-16,US,Inactive
C101988,ashleypetty@example.net,2024-03-27,CA,Active
C102412,jaimeobrien@example.org,2024-03-19,US,Active
C101990,michael14@example.com,2025-01-08,IN,Inactive
C101991,,2025-08-17,US,Active
C101992,thomasstephanie@example.com,2024-07-16,US,Active
C101993,padillamanuel@example.com,2025-04-18,US,Inactive
C101994,kristin62@example.net,2025-05-11,US,Active
C101995,jessica32@example.com,2024-10-11,GB,Active
C101996,dana81@example.net,2025-10-19,CA,Active
C101997,vanessa33@example.org,2025-12-03,US,Active
C101998,jessica33@example.org,2024-06-06,CA,Active
C101999,donaldharris@example.org,2025-02-17,GB,Active
C102000,egilbert@example.org,2025-06-01,US,Active
C102001,aarnold@example.com,2025-05-26,MX,Active
C102002,nicholashill@example.com,2025-08-21,US,Active
C102003,cayers@example.net,2025-04-25,US,Active
C102004,,2025-02-26,US,Active
C102005,emilyrodriguez@example.com,2025-10-21,US,Active
C102006,marcushancock@example.net,2025-02-07,US,Inactive
C102007,montgomerythomas@example.org,2024-11-01,DE,Active
C102008,jpayne@example.com,2025-10-08,CA,Active
C102009,zwilliams@example.net,2025-09-01,US,Active
C102010,tammy32@example.net,2024-12-17,US,Active
C102011,alice21@example.org,2025-10-16,US,Active
C102012,codyhughes@example.net,2025-10-17,CA,Active
C102013,pacosta@example.com,2024-10-29,US,Inactive
C102014,anne59@example.com,2026-02-13,GB,Active
C102015,patrick05@example.org,2024-07-12,US,Active
C102016,crystal53@example.org,2024-05-24,US,Inactive
C102017,barnettkristin@example.org,2025-04-16,DE,Active
C102018,katiepark@example.net,2024-07-20,IN,Active
C102019,stephen58@example.com,2025-11-16,CA,Active
C102020,katherine18@example.com,2024-12-07,DE,Active
C102021,jonathan89@example.com,2024-03-16,US,Active
C102022,rdavis@example.com,2025-03-10,US,Active
C102023,smiller@example.net,2025-07-16,US,Active
C102024,awilson@example.com,2024-05-31,IN,Active
C102025,,2026-01-19,US,Active
C102026,jeanphillips@example.com,2025-05-04,US,Active
C102027,donaldfuller@example.com,2024-12-01,US,Active
C102028,harriszachary@example.com,2024-10-12,IN,Active
C102029,dmitchell@example.org,2024-11-20,US,Active
C102030,ovance@example.org,2025-01-25,GB,Active
C102031,samuel65@example.com,2024-12-02,US,Active
C102032,jessica49@example.org,2025-04-03,IN,Active
C102033,clarksarah@example.com,2025-02-15,US,Inactive
C102034,gouldlindsey@example.org,2025-08-28,US,Active
C102035,christine60@example.com,2024-02-17,US,Active
C102036,brittanycontreras@example.org,2025-08-10,IN,Active
C102037,frank16@example.com,2024-02-15,CA,Active
C102038,maciasjames@example.net,2025-06-21,DE,Active
C102039,masonbriana@example.net,2025-09-23,US,Active
C102040,courtney61@example.org,2024-09-06,DE,Active
C102041,lee25@example.net,2025-10-22,US,Active
C102042,not-an-email,2024-06-03,DE,Active
C102043,david50@example.org,2024-12-08,GB,Inactive
C102044,andrevillegas@example.org,2025-04-25,US,Inactive
C102045,mhood@example.com,2024-06-14,GB,Active
C102046,jasmine42@example.net,2025-04-17,US,Active
C102047,brettaguilar@example.org,2025-03-18,US,Active
C102048,zharding@example.net,2024-09-15,CA,Active
C102049,cindylin@example.net,2025-05-19,US,Inactive
C102050,juliazimmerman@example.com,2024-12-20,IN,Active
C102051,,2025-12-13,US,Active
C102052,meganbrown@example.net,2024-06-11,DE,Active
C102053,briannaward@example.org,2025-02-21,US,Active
C102054,wbass@example.com,2024-03-15,DE,Active
C102055,heatherwalsh@example.org,2024-03-03,US,Inactive
C102056,not-an-email,2025-03-20,US,Active
C102057,fhess@example.org,2024-04-01,US,Inactive
C102058,huynhashley@example.net,2025-11-18,US,Active
C102059,david02@example.org,2024-05-20,US,Active
C102060,erik59@example.com,2024-04-08,US,Active
C102061,farrellkaren@example.net,2024-12-06,CA,Active
C102062,gonzalezrobin@example.org,2024-09-28,US,Inactive
C102063,robert77@example.net,2025-01-23,US,Active
C102064,ctyler@example.org,2025-12-20,CA,Active
C102065,kayla58@example.org,2025-02-03,GB,Active
C102066,escobarjoshua@example.com,2024-10-28,US,Active
C102067,pamelachristensen@example.org,2025-10-07,DE,Active
C102068,jennifer86@example.com,2025-05-05,US,Active
C102069,gjohnson@example.com,2024-08-02,US,Active
C102070,millermegan@example.com,2024-06-23,US,Active
C102071,yvonnerussell@example.com,2025-03-12,US,Active
C102072,brittanyjenkins@example.com,2024-11-11,US,Inactive
C102073,matthew26@example.org,2024-10-01,US,Inactive
C102074,sherri52@example.org,2024-02-21,CA,Active
C102075,joshua88@example.com,2024-07-05,US,Active
C102076,pattersonjo@example.com,2025-06-15,DE,Inactive
C102077,nfrost@example.com,2025-06-08,US,Active
C102078,wilsonmatthew@example.org,2024-07-05,US,Active
C102079,pwu@example.net,2025-03-06,US,Active
C102080,ssmith@example.com,2024-10-31,US,Active
C102081,kellyrodriguez@example.org,2024-06-07,IN,Active
C102082,lauren60@example.net,2025-07-30,US,Active
C102083,mathewsryan@example.net,2024-03-28,IN,Inactive
C102084,abrooks@example.com,2024-09-24,US,Active
C102085,mhernandez@example.net,2024-11-25,US,Active
C102086,dixonsara@example.net,2024-03-26,US,Active
C102087,jeffrey56@example.com,2024-05-03,US,Active
C102088,johnsontimothy@example.net,2024-12-12,US,Active
C102089,garnerdawn@example.com,2025-01-19,US,Active
C102090,,2024-04-11,DE,Inactive
C102091,pricelorraine@example.com,2024-07-25,US,Active
C102092,bergeranna@example.com,2025-08-12,CA,Active
C102093,xgreen@example.net,2025-07-07,US,Active
C102094,aprilhughes@example.com,2025-05-14,US,Active
C102095,meganhampton@example.com,2025-03-22,US,Active
C102096,kdavis@example.com,2026-01-23,MX,Active
C102097,wgalvan@example.com,2025-01-05,US,Active
C102098,suejones@example.net,2025-06-27,US,Active
C102099,dsmith@example.com,2025-09-25,US,Active
C102100,allisonray@example.org,2024-12-24,DE,Active
C102101,claytonmercer@example.com,2025-08-05,US,Active
C104507,not-an-email,2025-02-17,MX,Active
C102103,amandaprice@example.net,2024-06-24,US,Inactive
C102104,alexander50@example.org,2025-10-05,US,Active
C102105,laura04@example.org,2024-10-30,DE,Inactive
C102106,burgesscrystal@example.net,2024-05-16,IN,Inactive
C102107,,2025-01-26,DE,Inactive
C102108,ashley55@example.net,2024-11-30,GB,Active
C102109,francissusan@example.org,2024-11-08,GB,Active
C102110,humphreychristy@example.net,2025-03-23,IN,Active
C102111,jenkinswilliam@example.com,2025-07-21,IN,Active
C102112,oliviagonzalez@example.com,2025-12-26,US,Active
C102113,vbond@example.net,2024-06-29,CA,Active
C102114,xthompson@example.org,2025-02-05,US,Active
C102115,bmontgomery@example.com,2025-04-23,DE,Active
C102116,billywilliams@example.org,2025-12-22,CA,Inactive
C102117,chad79@example.org,2025-08-13,US,Active
C102118,rachelwilliamson@example.com,2025-10-04,CA,Active
C102119,anthonysamuel@example.org,2024-04-11,GB,Active
C102120,wendy99@example.com,2024-06-02,CA,Inactive
C102121,pattersonrichard@example.com,2024-02-13,US,Active
C102122,jamesjames@example.com,2026-01-02,US,Active
C102123,iturner@example.net,2024-08-27,US,Active
C102124,,2025-06-24,US,Active
C102125,jessica48@example.net,2024-10-13,IN,Active
C102126,pstephens@example.net,2025-08-14,US,Active
C102127,gainesgary@example.com,2024-09-30,DE,Active
C102128,antonio42@example.com,2024-10-13,US,Active
C102129,asmith@example.com,2024-05-20,IN,Active
C102130,nwhite@example.org,2024-05-21,GB,Active
C102131,suzanne96@example.com,2024-10-12,US,Active
C102132,rreed@example.com,2024-11-25,GB,Active
C102133,ejones@example.org,2024-10-22,MX,Active
C102134,eburns@example.com,2024-07-25,US,Active
C102135,heather57@example.com,2024-08-24,DE,Active
C102136,kdowns@example.net,2025-10-15,US,Active
C102137,leahhamilton@example.com,2024-09-08,GB,Active
C102138,brandon82@example.org,2025-08-13,IN,Active
C102139,carriebrown@example.net,2024-07-02,MX,Active
C102140,jarmstrong@example.com,2025-08-25,IN,Active
C102141,dsmith@example.com,2025-11-24,US,Active
C102142,kristin06@example.org,2024-08-31,CA,Active
C102143,susanchang@example.net,2025-09-23,US,Inactive
C102144,qroberts@example.org,2025-01-20,IN,Active
C102145,joshua10@example.com,2025-11-10,GB,Active
C102146,oroman@example.org,2024-02-21,US,Inactive
C102147,yspencer@example.org,2024-09-21,US,Active
C102148,trevor05@example.org,2024-03-25,MX,Active
C102149,jenniferwilliams@example.org,2025-05-23,GB,Active
C102150,barbaraatkinson@example.com,2025-04-06,US,Active
C102151,jacobsonhannah@example.com,2025-09-30,GB,Active
C102152,gonzalezabigail@example.net,2024-08-20,GB,Active
C102153,julia62@example.net,2024-07-26,US,Active
C102154,timothybradford@example.org,2024-09-02,CA,Active
C102155,hdavis@example.org,2025-12-13,IN,Active
C102156,kristi38@example.org,2024-05-01,US,Active
C102157,uwashington@example.net,2024-12-16,US,Active
C102158,,2024-04-14,MX,Active
C102159,acostasylvia@example.org,2024-03-05,US,Active
C102160,caitlinshields@example.org,2024-05-02,GB,Active
C102161,melanie53@example.org,2025-03-13,US,Active
C102162,daniel80@example.net,2025-02-04,US,Active
C102163,fyoung@example.org,2025-09-22,US,Active
C102164,kelseyray@example.com,2025-06-29,US,Active
C102165,nicholas30@example.net,2025-07-18,IN,Active
C102166,imills@example.com,2024-03-07,US,Active
C102167,myersholly@example.com,2024-10-19,GB,Active
C102168,adam51@example.com,2025-12-07,CA,Inactive
C102169,rhill@example.com,2025-12-15,DE,Inactive
C102170,francocalvin@example.net,2024-05-21,US,Active
C102171,jkennedy@example.net,2025-04-17,MX,Active
C102172,valerie68@example.net,2024-10-29,US,Active
C102173,,2025-07-21,US,Inactive
C102174,colemanlarry@example.com,2025-08-12,US,Active
C102175,eholt@example.com,2024-05-27,DE,Active
C102176,fmann@example.org,2024-08-28,US,Active
C102177,priscillacox@example.org,2026-01-04,US,Active
C100066,norrismelissa@example.com,2025-06-02,US,Active
C102179,tinastevens@example.org,2024-12-25,GB,Active
C102180,brent56@example.net,2026-01-02,US,Active
C102181,molinaapril@example.com,2025-12-14,CA,Active
C102182,dbrooks@example.com,2024-05-12,MX,Active
C102183,garrett20@example.org,2024-03-21,US,Active
C102184,josephrivers@example.net,2024-09-06,DE,Active
C102185,scottyang@example.org,2024-03-15,US,Active
C102186,kjefferson@example.net,2025-06-08,CA,Active
C102187,ortizsherry@example.com,2024-04-14,IN,Active
C102188,philip44@example.org,2025-11-30,US,Active
C102189,griffithkelly@example.net,2025-06-16,US,Active
C102190,crose@example.net,2025-05-29,US,Active
C102191,qwalker@example.com,2026-02-01,US,Active
C102192,mitchelltravis@example.net,2024-02-26,IN,Inactive
C102193,not-an-email,2025-11-09,US,Active
C102194,brendaturner@example.net,2025-05-07,US,Active
C102195,nicholasmyers@example.net,2025-08-01,US,Active
C102196,michael70@example.org,2025-01-05,US,Inactive
C102197,brenda86@example.net,2025-10-23,US,Active
C102198,robert60@example.com,2025-03-13,US,Active
C102199,bvasquez@example.net,2024-08-08,US,Active
C102200,,2024-10-10,US,Active
C102201,carolinejones@example.org,2025-11-03,XX,Active
C102202,henryjackson@example.net,2024-05-30,US,Active
C102203,ctaylor@example.org,2025-04-10,US,Active
C102204,fullermarvin@example.net,2024-10-21,IN,Active
C102205,yjones@example.org,2024-04-24,US,Active
C102206,lanematthew@example.com,2025-04-30,US,Active
C102207,eriklawrence@example.org,2025-03-26,US,Active
C102208,deborah30@example.org,2024-03-13,IN,Active
C102209,egreen@example.net,2024-08-27,US,Inactive
C102210,nrandolph@example.net,2025-11-09,US,Active
C102211,mariobaird@example.com,2025-09-17,US,Active
C102212,not-an-email,2024-12-01,GB,Active
C102213,timothy18@example.com,2025-10-08,CA,Active
C102214,basserik@example.org,2025-07-30,IN,Active
C102215,hollyjohnson@example.net,2024-02-05,CA,Active
C102216,aaronreyes@example.net,2024-03-05,US,Inactive
C102217,scordova@example.com,2025-03-11,CA,Active
C102218,christopher77@example.com,2024-05-12,US,Active
C102219,oberg@example.com,2025-01-01,US,Active
C102220,jasonnorman@example.com,2024-07-20,DE,Active
C102221,james11@example.com,2025-06-01,US,Active
C102222,lambertpaula@example.com,2024-09-05,IN,Active
C102223,johnsonvanessa@example.com,2024-05-23,US,Active
C102224,rebecca34@example.org,2025-12-09,US,Active
C102225,mcclurecarolyn@example.org,2025-12-15,US,Active
C102226,michael16@example.org,2025-03-25,US,Active
C102227,andrewilliams@example.com,2025-11-06,US,Inactive
C102228,david11@example.net,2025-10-15,US,Inactive
C102229,jeffreybrown@example.com,2024-09-29,MX,Inactive
C102230,nicole27@example.com,2025-07-15,MX,Active
C102231,qbrown@example.com,2025-08-05,US,Active
C102232,timothy37@example.com,2025-07-27,IN,Active
C102233,wanda47@example.net,2025-07-10,US,Active
C102234,laurenjones@example.net,2025-12-21,US,Active
C102235,aperry@example.org,2025-04-26,CA,Active
C102236,georgelorraine@example.org,2025-11-30,CA,Inactive
C102237,wilkersonkent@example.com,2025-03-25,US,Active
C102238,marybrennan@example.net,2025-02-04,US,Active
C102239,harrisrobert@example.net,2025-01-15,DE,Inactive
C102240,ryanschmidt@example.net,2025-02-26,CA,Active
C102241,josephrose@example.org,2025-03-10,CA,Active
C102242,matthew66@example.com,2024-09-05,US,Active
C102243,kyle61@example.org,2025-07-05,US,Active
C102244,farrellcraig@example.net,2024-12-19,US,Active
C102245,jeffery09@example.net,2025-05-06,DE,Active
C102246,wesleygutierrez@example.org,2026-01-18,US,Active
C102247,gsullivan@example.com,2024-03-25,CA,Active
C102248,jennifermarshall@example.net,2025-12-10,CA,Active
C102249,dthomas@example.com,2024-02-12,GB,Active
C102250,john42@example.org,2025-05-17,US,Active
C101205,seansmith@example.com,2024-09-12,US,Active
C102252,cheryl03@example.net,2025-10-21,MX,Active
C102253,stephanie16@example.org,2024-04-27,GB,Active
C102254,chobbs@example.net,2024-06-15,US,Active
C102255,sandra55@example.com,2025-03-20,GB,Active
C102256,jasmine83@example.net,2024-08-17,US,Active
C102257,howellandrew@example.com,2025-05-03,US,Active
C102258,samanthapeters@example.org,2024-08-26,DE,Active
C102259,rebecca13@example.net,2024-06-16,CA,Active
C102260,michael53@example.com,2024-10-29,US,Inactive
C102261,deborahgates@example.net,2024-09-01,GB,Active
C102262,mary94@example.com,2025-08-28,US,Active
C102263,zmartinez@example.net,2025-08-01,US,Active
C102264,charlesgriffin@example.org,2024-03-08,MX,Active
C102265,asanchez@example.com,2024-07-06,DE,Active
C102266,lindsay21@example.org,2025-06-23,CA,Inactive
C102267,ustevens@example.net,2025-10-03,US,Active
C102268,anthonyjavier@example.net,2024-07-20,IN,Active
C102269,vlee@example.net,2025-02-14,CA,Active
C102270,erica80@example.org,2024-11-10,DE,Active
C102271,ellenclark@example.net,2024-10-31,US,Active
C102272,qarias@example.net,2025-10-19,US,Active
C102273,elizabethnavarro@example.org,2024-12-07,US,Active
C102274,davidsonedward@example.org,2024-04-20,US,Active
C102275,amy44@example.org,2025-11-15,US,Inactive
C102276,adam34@example.org,2024-06-03,US,Active
C102277,kevinbrown@example.com,2025-08-03,IN,Inactive
C102278,oleon@example.org,2025-04-10,DE,Active
C102279,kpena@example.org,2024-03-14,US,Active
C102280,samuelbeck@example.net,2025-06-03,US,Inactive
C102281,martinalan@example.com,2025-03-01,DE,Active
C102282,johnstanley@example.org,2025-05-01,GB,Active
C102283,tmorrison@example.com,2025-04-28,IN,Active
C102284,danielperez@example.org,2025-05-16,US,Active
C102285,joannesanchez@example.org,2024-04-20,IN,Active
C102286,ewilliams@example.com,2026-01-14,GB,Active
C102287,laurashelton@example.net,2024-04-17,US,Inactive
C102288,melissapeterson@example.org,2026-01-31,DE,Active
C102289,mark90@example.com,2025-09-10,US,Inactive
C102290,aboyd@example.org,2024-09-18,US,Inactive
C102291,michael76@example.net,2024-09-09,MX,Inactive
C102292,michellehaas@example.com,2025-08-04,IN,Active
C102293,fkelly@example.com,2024-05-28,MX,Inactive
C102294,keithhenderson@example.com,2024-06-06,GB,Active
C102295,andrewschristopher@example.net,2024-11-08,GB,Inactive
C102296,youngamanda@example.net,2024-10-25,US,Active
C102297,michael92@example.com,2025-06-14,IN,Inactive
C102298,crystaladkins@example.org,2024-03-11,US,Active
C102299,zgonzalez@example.org,2026-01-09,GB,Active
C102300,rlee@example.net,2024-06-25,CA,Active
C102301,not-an-email,2024-04-07,US,Active
C102302,williamsondawn@example.net,2024-02-17,US,Inactive
C102303,ricardoarmstrong@example.net,2024-03-14,GB,Inactive
C102304,ronaldfoster@example.org,2025-09-25,US,Active
C102305,not-an-email,2025-01-12,CA,Active
C102306,wreyes@example.com,2025-10-03,DE,Inactive
C102307,,2025-08-01,US,Active
C102308,jessicamartinez@example.net,2024-09-26,US,Active
C102309,qlewis@example.net,2024-07-16,US,Active
C102310,,2025-10-31,IN,Inactive
C102311,christina08@example.com,2024-04-08,US,Inactive
C102312,brittney50@example.net,2025-02-16,GB,Inactive
C102313,kerrdavid@example.net,2024-07-31,DE,Active
C102314,frenchdouglas@example.net,2026-02-01,DE,Active
C103292,monicafoster@example.com,2025-01-07,US,Active
C102316,victoriawalters@example.net,2025-11-19,CA,Active
C102317,,2025-08-20,IN,Active
C102318,lisa20@example.org,2025-03-26,US,Active
C100507,briancollins@example.net,2024-11-19,GB,Active
C102320,jonesregina@example.net,2025-04-28,GB,Active
C102321,jamessmith@example.org,2025-02-09,DE,Active
C102322,shopkins@example.org,2024-10-07,US,Active
C102323,dray@example.net,2025-08-07,MX,Active
C102324,walkermichael@example.org,2025-01-27,GB,Active
C102325,fyoung@example.com,2025-02-20,US,Active
C102326,sarah94@example.org,2024-09-20,MX,Active
C102327,phunter@example.org,2024-11-29,GB,Active
C102328,hcarlson@example.net,2024-12-31,US,Active
C102329,sarah19@example.net,2024-10-28,US,Active
C102330,ddaniels@example.net,2025-02-16,MX,Active
C102331,morrisjason@example.org,2025-09-03,US,Active
C102332,zpotter@example.org,2025-05-02,US,Inactive
C102333,ocarter@example.org,2025-03-11,US,Active
C102334,martinangela@example.net,2024-03-30,US,Active
C102335,wwalker@example.net,2024-06-28,US,Active
C102336,christopher03@example.net,2024-05-24,DE,Inactive
C102337,cbates@example.com,2025-01-06,US,Active
C102338,tyoung@example.org,2026-01-04,IN,Inactive
C102339,george74@example.net,2025-08-29,US,Active
C102340,,2024-12-11,DE,Active
C102341,,2024-03-07,US,Active
C102342,,2025-12-17,CA,Active
C102343,martinezsamuel@example.org,2024-08-06,CA,Active
C102344,melaniehughes@example.com,2026-01-27,US,Active
C102345,,2025-06-09,GB,Active
C102346,hughesscott@example.net,2024-07-10,CA,Active
C102347,veronicahess@example.org,2024-06-25,US,Active
C102348,anthonyhill@example.net,2024-03-31,US,Active
C102349,erivera@example.com,2024-06-04,US,Active
C102350,bmorgan@example.net,2026-01-20,US,Active
C102351,waltersjennifer@example.com,2024-08-27,GB,Inactive
C102352,rubendavis@example.org,2024-10-22,US,Active
C102353,,2025-01-28,US,Active
C102354,gallegosstacy@example.org,2026-01-04,IN,Active
C102355,kharvey@example.com,2024-04-06,US,Active
C102356,usmith@example.net,2025-02-24,GB,Active
C102357,nmacias@example.org,2024-02-24,DE,Active
C102358,donnaferguson@example.org,2026-01-04,DE,Active
C102359,vincent98@example.com,2024-03-20,US,Active
C102360,hicksdiane@example.com,2025-09-27,DE,Active
C102361,jillcook@example.com,2025-01-08,CA,Active
C102362,kevinrussell@example.com,2025-08-16,IN,Active
C102363,yneal@example.org,2024-05-11,US,Active
C102364,owilson@example.net,2025-05-05,CA,Active
C102365,deleonjohn@example.com,2024-08-15,GB,Inactive
C102366,theresa35@example.net,2024-07-30,US,Active
C102367,nancy05@example.com,2024-09-05,GB,Active
C102368,davismichelle@example.net,2024-09-18,US,Active
C102369,darlenepatrick@example.net,2025-03-19,DE,Inactive
C102370,jeffreyreyes@example.net,2024-08-04,IN,Active
C102371,hudsonvincent@example.net,2024-03-08,US,Active
C102372,kathy97@example.org,2024-04-13,CA,Active
C102373,chanthomas@example.net,2024-08-17,US,Active
C102374,kyliecook@example.com,2026-01-08,MX,Active
C102375,vdodson@example.org,2025-10-05,US,Active
C102376,ewolfe@example.com,2025-11-15,US,Active
C102377,longjill@example.net,2024-03-02,MX,Active
C102378,jennifer12@example.com,2025-08-19,US,Active
C102379,timothy42@example.org,2025-05-24,US,Active
C102380,spencerwang@example.net,2025-02-23,CA,Active
C102381,reidjeffery@example.com,2024-12-14,US,Active
C102382,andrew60@example.com,2024-09-20,US,Active
C101025,nunezemily@example.org,2024-09-16,US,Active
C102384,brian97@example.net,2026-01-11,US,Active
C102385,randy71@example.net,2025-06-24,US,Active
C102386,fwalker@example.com,2025-04-21,US,Active
C102387,patriciawu@example.net,2025-09-09,US,Inactive
C102388,samantha40@example.org,2024-06-13,US,Active
C102389,travis87@example.net,2026-01-10,US,Active
C102390,umartin@example.net,2024-02-14,US,Active
C102391,samueljones@example.com,2025-06-03,DE,Active
C102392,fwebster@example.com,2025-05-04,US,Active
C102393,matthew58@example.net,2025-06-04,US,Inactive
C102394,garcianicholas@example.org,2025-12-30,US,Active
C102395,kimjames@example.org,2025-01-21,IN,Inactive
C102396,carlos57@example.com,2026-01-17,US,Active
C102397,eric16@example.com,2025-03-27,DE,Inactive
C102398,christophercampbell@example.org,2024-10-22,US,Active
C102399,huynhmichael@example.com,2025-09-23,CA,Active
C102400,valenciacarol@example.net,2025-02-10,US,Active
C102401,michaelmiller@example.org,2024-03-19,DE,Active
C102402,deanstacy@example.net,2024-04-14,GB,Active
C102403,mreese@example.net,2025-10-21,US,Active
C102404,fwatkins@example.com,2025-03-04,US,Active
C102405,kingram@example.com,2024-05-02,DE,Active
C102406,troberts@example.com,2025-07-01,IN,Inactive
C102407,eric52@example.com,2025-12-27,US,Inactive
C102408,not-an-email,2024-05-08,DE,Active
C102409,scottryan@example.net,2025-10-07,US,Inactive
C102410,ztrujillo@example.com,2024-07-03,US,Active
C102411,mary08@example.org,2024-06-10,US,Active
C102412,dustin66@example.net,2025-12-02,DE,Inactive
C102413,karen05@example.org,2026-01-29,US,Active
C102414,carlygoodwin@example.net,2025-09-26,US,Active
C102415,davistara@example.com,2024-12-10,GB,Inactive
C102416,,2025-08-27,US,Active
C102417,peter32@example.com,2025-02-23,US,Active
C102418,jenna35@example.com,2024-12-17,US,Active
C102419,bauerjustin@example.net,2025-02-04,DE,Active
C102420,hardinbrandon@example.net,2024-08-14,US,Active
C102421,paynecheryl@example.org,2024-02-24,CA,Active
C102422,juanwright@example.org,2024-04-23,CA,Active
C102423,simmonskristy@example.com,2025-11-11,US,Active
C102424,david75@example.net,2025-10-01,DE,Active
C102425,areed@example.net,2024-10-03,US,Active
C102426,langrebekah@example.org,2025-04-10,IN,Active
C102427,jessica42@example.com,2024-05-13,US,Active
C102428,jamessnyder@example.org,2024-04-19,US,Active
C102429,ashleyward@example.net,2026-02-13,US,Active
C101211,brett15@example.com,2024-04-22,US,Active
C102431,inorris@example.net,2025-10-20,CA,Active
C102432,kathleengarcia@example.org,2025-12-22,DE,Active
C102433,gnichols@example.com,2024-04-14,US,Active
C102434,ljames@example.net,2024-02-29,US,Active
C102435,josephpearson@example.com,2025-07-20,CA,Active
C102436,lshaffer@example.com,2024-06-11,US,Active
C102437,nallen@example.net,2026-01-13,US,Active
C102438,farrelllisa@example.com,2024-11-09,CA,Active
C102439,adamsangelica@example.net,2024-05-16,DE,Active
C102440,keithfox@example.net,2025-07-15,IN,Inactive
C102441,carterwilliam@example.org,2024-12-13,US,Active
C102442,samantha45@example.org,2025-12-18,US,Active
C102443,bowmanmitchell@example.com,2025-04-17,US,Inactive
C102444,allisonadams@example.org,2025-03-17,GB,Active
C102445,cwalker@example.com,2024-11-30,US,Inactive
C102446,stephanie41@example.com,2025-01-07,US,Active
C102447,jnash@example.net,2024-02-04,MX,Active
C102448,coopercody@example.org,2026-01-24,US,Active
C102449,wendycontreras@example.org,2024-03-23,US,Active
C102450,carsonjames@example.com,2024-03-03,US,Active
C102451,vbrown@example.org,2024-04-29,GB,Active
C102452,ffischer@example.net,2024-08-23,US,Inactive
C102453,andersondonald@example.org,2024-10-01,US,Active
C102454,joshua62@example.net,2024-06-01,US,Active
C102455,crystal26@example.net,2024-12-24,US,Active
C102456,lindajohnson@example.net,2024-08-16,MX,Active
C102457,allisonclark@example.org,2025-04-25,US,Inactive
C102458,slewis@example.org,2025-09-21,DE,Active
C102459,albertshelton@example.org,2025-07-22,US,Active
C102460,gabrielbrown@example.com,2025-10-11,US,Active
C102461,christopherdawson@example.com,2024-12-08,US,Active
C102462,robert98@example.org,2024-09-12,MX,Active
C102227,deborahlewis@example.org,2025-12-14,US,Active
C102464,ntaylor@example.com,2024-08-25,MX,Active
C102465,robinsonjoshua@example.com,2025-11-15,US,Active
C102466,,2024-02-11,IN,Active
C102467,johnconner@example.net,2025-06-27,US,Active
C102468,,2025-08-28,IN,Active
C102469,,2024-12-10,US,Active
C102470,egraham@example.com,2026-01-28,US,Active
C102471,qelliott@example.net,2024-12-14,DE,Active
C102472,kgreene@example.net,2025-06-18,GB,Active
C102473,xprice@example.com,2024-06-28,US,Active
C102474,qgoodman@example.com,2025-08-27,DE,Active
C102475,xbaker@example.net,2025-04-24,US,Active
C102476,cody75@example.com,2025-08-18,US,Active
C102477,,2024-03-07,US,Active
C102478,monroematthew@example.org,2026-01-07,US,Active
C102479,gregorykimberly@example.org,2026-01-26,CA,Active
C102480,lori04@example.net,2024-09-01,MX,Active
C102481,ericnavarro@example.net,2024-05-21,US,Active
C102482,ujones@example.org,2024-05-21,US,Active
C102483,brownmelanie@example.org,2025-10-13,US,Active
C102484,connie43@example.com,2025-11-23,US,Active
C102485,dcobb@example.org,2024-08-03,MX,Active
C102486,taylorluke@example.com,2025-03-04,US,Active
C102487,cmclean@example.org,2024-12-18,CA,Active
C102488,zporter@example.net,2025-03-23,US,Active
C102489,sarahmiller@example.com,2025-02-10,US,Active
C102490,hwilliams@example.net,2025-01-11,IN,Active
C102491,ebarker@example.com,2024-12-16,DE,Active
C102492,lindseybriggs@example.com,2024-12-20,US,Active
C102493,lsmith@example.net,2024-10-18,MX,Active
C102494,jennifer90@example.org,2025-01-31,CA,Active
C102495,hayeskatherine@example.org,2025-03-23,US,Active
C102496,scott51@example.org,2024-05-18,US,Inactive
C102497,,2026-02-13,IN,Active
C102498,gordon42@example.net,2024-07-27,DE,Active
C102499,,2024-11-06,US,Active
C103069,andreaherring@example.net,2024-09-06,IN,Active
C102501,michael00@example.net,2025-11-30,XX,Active
C102502,bauerjessica@example.net,2025-07-08,DE,Active
C102503,sararodriguez@example.org,2024-08-01,US,Active
C102504,zacharysmith@example.org,2025-07-13,XX,Active
C102505,balldestiny@example.org,2024-12-30,DE,Active
C102506,owhite@example.com,2024-06-06,US,Active
C102507,kellyroach@example.com,2024-02-24,CA,Active
C102508,roseanderson@example.net,2024-03-26,GB,Active
C102509,saravalencia@example.org,2024-03-01,MX,Active
C102510,toddroberts@example.com,2024-12-08,GB,Active
C102511,hessthomas@example.com,2024-03-18,US,Active
C102512,,2026-01-31,CA,Active
C102513,erin60@example.net,2025-10-07,IN,Active
C102514,wendybarnes@example.net,2024-11-01,GB,Inactive
C102515,mackenziewilson@example.org,2025-11-14,IN,Inactive
C102516,wernerteresa@example.org,2025-05-18,GB,Active
C102517,ecarter@example.net,2024-05-10,XX,Active
C103251,donna80@example.com,2024-12-17,US,Active
C102519,kaylacraig@example.com,2026-01-08,US,Active
C102520,hstone@example.com,2024-10-08,US,Active
C102521,trevorpeterson@example.org,2025-07-15,DE,Active
C102522,aaron40@example.org,2024-03-01,US,Active
C102523,lisaking@example.org,2025-07-05,IN,Active
C102524,santiagokimberly@example.net,2024-05-15,US,Active
C102525,ebony80@example.net,2025-06-22,GB,Active
C102526,zachary67@example.com,2025-05-17,US,Active
C102527,michaelchen@example.org,2025-04-17,DE,Active
C102528,hcole@example.net,2025-04-23,US,Active
C102529,cassie56@example.org,2025-04-15,CA,Active
C102530,kendrasmith@example.com,2024-03-25,US,Inactive
C102531,isaiahwest@example.org,2024-08-04,US,Active
C102532,uclark@example.net,2025-10-12,US,Active
C102533,bryangardner@example.net,2025-08-01,US,Active
C102534,leeashley@example.org,2025-04-05,DE,Inactive
C102535,rebeccaduran@example.com,2025-07-08,DE,Active
C102536,qshelton@example.org,2024-11-30,CA,Inactive
C102537,katherine84@example.net,2024-08-29,GB,Active
C102538,andrewcox@example.net,2025-07-27,GB,Inactive
C102539,rmarquez@example.org,2025-06-20,GB,Active
C102540,blane@example.com,2025-08-27,US,Active
C102541,davidhanson@example.com,2024-08-21,IN,Active
C102542,xbailey@example.org,2025-10-05,US,Active
C102543,perkinsjeremy@example.org,2025-01-13,US,Active
C102544,not-an-email,2025-12-24,US,Active
C102545,twilson@example.org,2025-10-30,US,Active
C102546,joseph21@example.org,2024-05-03,DE,Active
C102547,patricia40@example.com,2025-06-30,IN,Active
C102548,dgarcia@example.com,2025-10-11,US,Active
C102549,matthew12@example.com,2024-08-29,DE,Active
C102550,ubrown@example.net,2025-09-24,GB,Inactive
C102551,mark11@example.com,2025-01-06,MX,Active
C102552,jamiemckee@example.net,2025-04-25,DE,Active
C102553,geraldcordova@example.org,2024-06-09,XX,Inactive
C102554,jillcampbell@example.net,2024-11-17,US,Active
C102555,andrearose@example.org,2024-06-30,US,Active
C102556,caleb97@example.net,2024-11-05,GB,Active
C102557,henrygibson@example.net,2025-04-17,US,Active
C102558,warrensheena@example.net,2025-03-03,US,Active
C102559,williamsaimee@example.com,2025-09-19,US,Active
C102560,johngrant@example.org,2024-05-25,GB,Inactive
C101750,barrybrandon@example.net,2024-06-25,US,Active
C102562,crystal33@example.com,2024-05-09,US,Active
C102563,not-an-email,2024-07-07,US,Inactive
C102564,plong@example.org,2025-02-17,US,Active
C102565,jallen@example.org,2025-02-27,US,Inactive
C102566,fparker@example.net,2025-04-27,US,Active
C102567,roy90@example.net,2025-06-22,MX,Active
C102568,jasonbush@example.com,2024-08-11,XX,Active
C102569,jasongonzalez@example.net,2024-04-02,US,Active
C102570,fgreen@example.org,2025-12-11,US,Active
C102571,melanierodriguez@example.com,2024-05-13,US,Inactive
C102572,masseykimberly@example.org,2025-02-18,US,Active
C102573,fraziermary@example.com,2025-04-16,US,Inactive
C102574,thomasreyes@example.com,2024-07-31,US,Inactive
C102575,pittmanstephanie@example.com,2025-03-29,DE,Active
C102576,avillegas@example.org,2025-10-17,US,Active
C102577,elizabeth53@example.com,2024-07-17,US,Active
C102578,paynesamuel@example.com,2024-10-27,US,Active
C102579,hmorrison@example.org,2025-08-11,US,Active
C102580,lopezwilliam@example.net,2024-08-15,GB,Active
C102581,james78@example.org,2025-06-04,GB,Active
C102582,kingchristian@example.com,2024-04-11,US,Active
C102583,ppowell@example.net,2025-07-08,GB,Active
C102584,amanda37@example.org,2024-03-06,DE,Active
C102585,aenglish@example.net,2025-03-15,GB,Inactive
C101217,martinjeffrey@example.com,2025-08-28,US,Active
C102587,kyle42@example.net,2025-10-27,IN,Active
C102588,nelsonrobert@example.com,2025-03-30,US,Active
C102589,njohnson@example.org,2024-04-28,US,Active
C102590,vanessa57@example.org,2024-12-08,GB,Active
C102591,blackjacqueline@example.com,2024-10-14,DE,Active
C102592,newtonjames@example.net,2024-02-07,DE,Active
C102593,curtisjacob@example.com,2026-01-14,MX,Active
C102594,sanchezstephen@example.net,2024-08-19,US,Active
C102595,not-an-email,2026-01-27,DE,Active
C102596,hharrison@example.org,2024-09-28,US,Active
C102597,marissachristian@example.com,2025-10-14,US,Active
C102598,margaret35@example.com,2024-07-24,IN,Active
C102599,danielsmith@example.org,2025-04-06,CA,Inactive
C102600,youngsamuel@example.com,2025-12-05,US,Inactive
C102601,jose72@example.net,2025-08-21,US,Active
C102602,rhoward@example.com,2025-11-13,GB,Active
C102603,andrew03@example.com,2025-03-29,US,Active
C102604,sheltonkristin@example.org,2024-07-02,US,Active
C102605,dianawilliams@example.net,2024-05-23,MX,Active
C102606,johnsonkeith@example.net,2024-10-09,IN,Active
C102607,alexahughes@example.net,2024-09-13,US,Active
C102608,valdezjordan@example.org,2024-04-17,IN,Active
C102609,hallcarol@example.org,2024-10-11,US,Active
C102610,maria52@example.com,2024-07-23,US,Inactive
C102611,hansenscott@example.com,2024-04-05,GB,Active
C102612,sotomichele@example.org,2025-02-03,US,Active
C102613,iolsen@example.org,2024-12-27,CA,Active
C102614,wheelertheresa@example.org,2025-12-10,DE,Active
C102615,adamsheather@example.net,2025-07-30,IN,Active
C102616,tgraham@example.org,2025-06-05,DE,Active
C102617,calebguzman@example.net,2024-08-11,CA,Active
C102618,ocastro@example.net,2025-12-24,DE,Active
C102619,amoore@example.com,2024-08-26,DE,Active
C102620,reedsamuel@example.com,2025-09-11,US,Inactive
C102621,rebecca22@example.com,2024-05-31,US,Inactive
C102622,parkdeborah@example.org,2025-06-01,US,Active
C102623,johnsonmichael@example.org,2024-07-20,US,Inactive
C102624,gregory69@example.net,2025-04-15,MX,Active
C102625,erinwoods@example.net,2024-12-19,US,Active
C102626,brose@example.net,2025-08-06,MX,Active
C102627,rodrigueztimothy@example.com,2025-11-20,CA,Active
C102628,jennifer80@example.org,2024-10-22,CA,Active
C102629,karenharvey@example.com,2024-12-16,GB,Inactive
C102630,brenda29@example.com,2024-02-14,DE,Active
C102631,antoniorivera@example.net,2026-01-04,GB,Active
C102632,staceymorrow@example.net,2024-10-12,US,Active
C102633,johngreer@example.org,2025-01-18,IN,Inactive
C102634,,2024-10-01,US,Active
C102635,goodcody@example.net,2025-02-12,US,Active
C102636,parkerwilliam@example.org,2026-01-23,US,Active
C102637,,2026-02-02,US,Active
C102638,,2024-04-03,US,Active
C102639,sonyajames@example.com,2024-11-17,US,Active
C102640,lisaleonard@example.org,2025-07-22,US,Inactive
C102641,urose@example.com,2024-04-24,US,Active
C102642,cathy08@example.org,2024-07-14,GB,Active
C102643,marissa10@example.org,2024-12-09,US,Inactive
C102644,holly46@example.org,2025-02-09,US,Active
C102645,pricekeith@example.net,2024-06-15,US,Active
C102646,brian82@example.net,2025-10-17,DE,Active
C104771,jenniferwarren@example.org,2024-08-03,US,Active
C102648,acannon@example.com,2024-02-06,IN,Active
C102649,iwoods@example.com,2025-02-18,US,Active
C102650,alexandra00@example.com,2025-04-04,MX,Active
C102651,jenniferberry@example.com,2025-05-06,CA,Active
C102652,davisjason@example.com,2025-11-07,US,Active
C102653,jonesbrandon@example.net,2025-12-10,GB,Active
C102654,hutchinsonrobert@example.net,2025-06-30,US,Active
C102655,panderson@example.net,2025-04-12,US,Active
C102656,erica96@example.com,2024-07-03,US,Active
C102657,barbarawise@example.com,2024-09-09,IN,Active
C102658,kimberlyhobbs@example.org,2024-02-23,MX,Inactive
C102659,catherine36@example.org,2025-05-08,US,Active
C102660,qbrock@example.net,2025-06-06,US,Active
C102661,,2025-08-29,GB,Active
C102662,reedmitchell@example.net,2026-01-03,US,Inactive
C102663,larsonselena@example.org,2024-09-29,DE,Active
C102664,odavenport@example.com,2024-05-13,GB,Active
C102665,christopher07@example.com,2025-12-29,US,Active
C102666,courtneylara@example.net,2025-01-17,US,Active
C102667,jacqueline51@example.org,2026-02-13,US,Active
C102668,rebeccahansen@example.net,2025-02-10,US,Active
C102669,albertzuniga@example.org,2026-01-30,US,Active
C102670,johnathan44@example.net,2025-11-15,MX,Inactive
C102671,leah77@example.net,2025-01-29,DE,Active
C102672,carloscoleman@example.net,2025-04-12,US,Inactive
C102673,heather95@example.com,2025-09-11,CA,Active
C102674,marcuscox@example.com,2025-11-11,US,Active
C102675,vsaunders@example.org,2024-06-23,DE,Active
C102676,zjackson@example.com,2025-11-16,US,Active
C102677,sarahingram@example.net,2025-01-19,GB,Active
C102678,vgentry@example.com,2024-05-04,US,Active
C102679,christinareid@example.com,2025-01-19,US,Active
C102680,amack@example.com,2026-01-18,US,Active
C102681,tatecarl@example.net,2024-12-17,CA,Active
C102682,nancy04@example.net,2025-02-26,US,Inactive
C102683,tyler22@example.net,2025-11-09,CA,Active
C102684,walterduran@example.com,2024-09-18,DE,Active
C102685,gibsondylan@example.net,2024-11-26,CA,Active
C102686,,2025-10-08,US,Active
C102687,mcdonalderin@example.org,2024-11-17,US,Active
C102688,not-an-email,2024-02-25,US,Active
C102689,matthewoliver@example.org,2024-11-14,GB,Active
C102690,,2025-06-03,US,Inactive
C102691,marc14@example.com,2025-09-14,GB,Active
C102692,kleinsandra@example.org,2025-04-25,US,Active
C102693,montgomeryandrew@example.net,2026-01-16,GB,Active
C102694,shelley72@example.com,2024-09-02,US,Active
C103124,odomkelly@example.net,2025-04-15,US,Active
C102696,christinavillanueva@example.net,2024-10-22,CA,Active
C102697,webbnathan@example.org,2024-04-16,US,Active
C102698,kellymarco@example.com,2024-06-19,US,Active
C102699,fbranch@example.com,2024-02-16,IN,Active
C102700,roger20@example.net,2025-10-10,GB,Inactive
C102701,anthonylawrence@example.com,2024-04-03,US,Active
C102702,pearsonmadison@example.net,2026-01-10,CA,Inactive
C102703,jack95@example.net,2024-03-07,MX,Active
C102704,palmerkatie@example.net,2025-09-13,DE,Active
C102705,thoffman@example.org,2025-05-18,DE,Active
C102706,mferguson@example.org,2024-03-04,CA,Active
C102707,not-an-email,2024-10-15,IN,Active
C102708,matthewsnathan@example.org,2025-02-23,US,Active
C102709,brownfred@example.com,2024-11-11,US,Active
C102710,johnsonlisa@example.net,2024-08-25,US,Active
C102311,ihayes@example.com,2024-11-07,US,Active
C102712,stephaniewood@example.com,2024-04-06,US,Active
C102713,qbush@example.net,2025-02-06,GB,Active
C102714,darren74@example.net,2024-10-16,US,Active
C102715,castillodylan@example.com,2024-11-03,CA,Active
C102716,jacqueline18@example.com,2024-06-28,GB,Active
C102717,,2025-03-15,CA,Active
C102718,dhogan@example.org,2025-01-24,MX,Active
C102719,brian25@example.com,2024-11-27,US,Inactive
C104595,julie57@example.com,2024-08-22,US,Inactive
C102721,marshalldouglas@example.net,2025-08-20,US,Active
C102722,edwardsamy@example.org,2025-08-11,US,Active
C102723,johnsonmichael@example.com,2024-06-05,US,Active
C102724,paullevy@example.com,2024-11-20,CA,Active
C102725,milleranthony@example.com,2024-06-23,US,Inactive
C102726,perrycrystal@example.org,2024-10-29,IN,Active
C102727,yvonnedecker@example.net,2025-05-29,US,Active
C102728,jasonharmon@example.com,2024-11-01,US,Inactive
C102729,greeneric@example.org,2025-03-17,CA,Active
C102730,colemandavid@example.net,2025-08-04,CA,Active
C102731,wilsonalex@example.net,2025-01-29,IN,Active
C102732,bleonard@example.net,2025-12-02,US,Active
C102733,floresmatthew@example.org,2024-06-01,IN,Inactive
C102734,angela83@example.net,2025-07-18,IN,Active
C102735,justin94@example.org,2025-06-30,US,Active
C102736,bsmith@example.com,2025-08-31,US,Active
C102737,xharrison@example.com,2024-04-02,US,Inactive
C102738,,2024-10-14,US,Active
C102739,jamiesmith@example.com,2026-01-30,US,Active
C102740,jonathancook@example.com,2024-02-22,US,Active
C102741,sanchezamanda@example.org,2024-10-07,US,Active
C102742,nlarson@example.org,2024-10-03,IN,Active
C102743,michaelcummings@example.org,2024-07-11,US,Active
C102744,agregory@example.net,2024-09-13,US,Active
C102745,emily33@example.org,2024-10-19,CA,Active
C102746,ronnietorres@example.org,2025-02-21,CA,Active
C102923,elizabeth16@example.org,2025-06-14,US,Active
C102748,beverlycarlson@example.org,2024-12-06,US,Active
C102749,coopereric@example.net,2025-02-03,MX,Active
C102750,anthonynorton@example.com,2026-01-09,XX,Active
C102751,alvaradobrian@example.com,2024-03-21,DE,Inactive
C102752,bishopnicholas@example.net,2025-07-20,US,Active
C102753,kbryan@example.net,2026-01-02,CA,Active
C102754,not-an-email,2024-08-24,US,Active
C102755,mitchellkayla@example.org,2025-05-03,US,Active
C102756,uwebster@example.org,2024-04-19,XX,Active
C102757,travis42@example.net,2024-05-04,CA,Inactive
C102758,dflynn@example.org,2024-11-29,US,Active
C102759,parrishabigail@example.com,2024-10-23,US,Active
C102760,marissamedina@example.com,2025-05-21,GB,Active
C102761,jonathan76@example.com,2025-09-22,IN,Active
C102762,gary85@example.org,2024-12-18,CA,Active
C102763,cindy25@example.com,2025-08-02,GB,Active
C102764,ortegaanthony@example.org,2025-09-18,US,Active
C102765,crawfordthomas@example.com,2025-11-11,US,Active
C102766,davidryan@example.com,2025-04-21,GB,Active
C102767,ayersryan@example.org,2025-08-05,US,Active
C102768,robert25@example.org,2024-07-16,US,Inactive
C102769,hpalmer@example.org,2024-06-06,US,Inactive
C102770,rknight@example.net,2025-06-29,GB,Active
C102771,swaters@example.org,2024-07-29,XX,Active
C101812,jose72@example.com,2024-03-08,IN,Active
C102773,crystal08@example.net,2025-07-03,US,Active
C102774,ramirezmichael@example.com,2024-08-13,US,Active
C102775,zmiller@example.net,2025-07-04,CA,Active
C102776,brandonodonnell@example.org,2025-08-21,GB,Active
C102777,mathew33@example.com,2025-08-21,GB,Inactive
C102778,benjamin62@example.net,2026-01-21,IN,Active
C102779,sandra59@example.com,2025-04-13,CA,Active
C102780,nicholas83@example.org,2024-02-28,US,Active
C102781,veronica76@example.org,2025-01-17,US,Inactive
C102782,melissa87@example.com,2024-09-03,US,Active
C102783,ryan05@example.net,2024-10-21,US,Active
C103437,rodriguezlori@example.com,2025-12-14,US,Active
C102785,gravesfrancis@example.org,2025-03-22,CA,Active
C102786,briandoyle@example.com,2025-07-25,US,Active
C102787,nhorn@example.com,2025-08-21,IN,Active
C102788,hjackson@example.com,2025-09-25,DE,Active
C102789,vincentmichelle@example.org,2024-02-24,GB,Active
C102790,xmercado@example.net,2025-05-06,IN,Active
C102791,carlos52@example.com,2026-01-10,GB,Active
C102792,kimberly89@example.net,2026-01-21,CA,Active
C102793,hoffmanrobert@example.com,2025-05-08,US,Active
C102794,mwilliams@example.com,2025-12-14,US,Inactive
C102795,cwest@example.com,2024-05-07,US,Active
C102796,,2024-05-25,GB,Active
C102797,davidweiss@example.net,2025-10-07,DE,Active
C102798,sharontaylor@example.com,2024-11-22,IN,Active
C102799,laceyconway@example.net,2025-07-30,US,Inactive
C102800,ray18@example.net,2025-08-03,DE,Active
C102801,kathy48@example.org,2024-12-31,US,Active
C102802,jessemartinez@example.com,2025-03-02,IN,Active
C102803,dan66@example.net,2024-03-29,GB,Active
C102804,armstrongsuzanne@example.net,2025-09-26,US,Active
C102805,kstephenson@example.net,2026-01-09,US,Active
C102806,palexander@example.net,2025-02-10,IN,Active
C102807,angelica44@example.net,2026-01-23,US,Active
C102808,reedfrancis@example.org,2024-07-08,CA,Active
C102809,dillonpatrick@example.net,2025-02-19,CA,Inactive
C102810,evansleslie@example.net,2025-09-17,US,Active
C102811,sarah02@example.net,2024-02-05,US,Active
C102812,wallaceerica@example.com,2025-02-03,US,Active
C102813,lawrencemichelle@example.com,2025-05-05,DE,Inactive
C102814,david53@example.com,2024-04-27,US,Active
C102815,johnsonjason@example.com,2025-05-30,US,Inactive
C102816,glopez@example.net,2026-01-20,US,Active
C102817,kimberlywalters@example.com,2026-01-06,US,Active
C102818,cristinamorse@example.org,2026-01-18,US,Active
C102819,paigebrooks@example.org,2026-01-18,US,Active
C102820,baileynatalie@example.net,2024-03-29,DE,Active
C102821,abbottriley@example.net,2024-11-09,CA,Active
C102822,caitlin20@example.net,2024-12-22,US,Active
C102823,amberhuber@example.net,2024-06-07,US,Active
C102824,kristin77@example.net,2024-05-06,GB,Inactive
C102825,taylorlee@example.org,2025-09-17,US,Active
C102826,vharmon@example.net,2024-04-11,US,Active
C102827,conniejimenez@example.com,2025-06-03,US,Active
C102828,wilsonmichelle@example.net,2024-11-18,US,Inactive
C102829,keithgonzalez@example.org,2025-01-06,US,Inactive
C102830,cwalter@example.com,2025-08-10,DE,Active
C102831,brandy78@example.net,2025-09-16,US,Active
C102832,tevans@example.com,2025-07-21,GB,Active
C102833,joshua15@example.org,2025-08-09,US,Active
C102834,matthew64@example.com,2024-11-12,CA,Active
C102835,nwebb@example.com,2025-01-19,GB,Active
C102836,,2024-03-01,US,Active
C102837,david56@example.org,2024-08-14,US,Active
C102838,orrelizabeth@example.org,2025-10-06,US,Active
C102839,cobbshari@example.net,2024-10-08,US,Active
C102840,jessica95@example.com,2024-10-23,CA,Active
C102841,scottgeoffrey@example.org,2024-03-08,US,Active
C102842,cooktheresa@example.org,2025-12-14,CA,Active
C102843,johnsantana@example.net,2026-01-02,US,Active
C102844,gibsonandrew@example.com,2025-04-14,US,Active
C102845,vperez@example.org,2025-11-18,US,Active
C102846,rwilson@example.org,2025-08-14,US,Inactive
C102847,not-an-email,2024-11-21,DE,Active
C102848,jennifer49@example.net,2026-01-15,US,Active
C102849,brianna77@example.org,2026-01-31,XX,Active
C102850,zfarmer@example.org,2026-01-15,MX,Active
C102851,dylanbaxter@example.org,2024-12-28,US,Active
C102852,michael34@example.org,2025-01-06,US,Active
C102853,gstafford@example.net,2025-06-11,GB,Active
C102854,operez@example.org,2025-04-18,GB,Active
C102855,pgarza@example.net,2024-12-08,US,Inactive
C102856,jramos@example.com,2025-03-20,US,Active
C102857,autumn85@example.net,2025-07-16,GB,Active
C102858,richard85@example.net,2024-07-06,GB,Inactive
C102859,brianjenkins@example.org,2025-03-17,CA,Active
C102860,garciachristopher@example.net,2024-05-18,DE,Inactive
C102861,tcollins@example.net,2025-07-31,US,Active
C102862,guerreroryan@example.net,2026-01-27,US,Active
C102863,christy02@example.org,2025-04-06,GB,Inactive
C102864,vromero@example.com,2024-03-19,GB,Active
C102865,patrick28@example.net,2024-12-04,US,Active
C102866,frankphillips@example.net,2024-06-13,US,Active
C102867,ngutierrez@example.net,2025-02-05,CA,Active
C102868,thomaslong@example.com,2024-05-16,US,Inactive
C102869,samuel89@example.com,2024-02-08,IN,Active
C102870,bbell@example.org,2024-12-26,US,Active
C102871,ruiznancy@example.net,2024-08-11,US,Active
C102872,not-an-email,2024-03-03,US,Active
C102873,james56@example.net,2024-11-24,US,Active
C102874,jholloway@example.org,2024-10-16,US,Active
C102875,nicole87@example.com,2025-02-22,US,Active
C102876,jasmine99@example.net,2024-09-15,US,Inactive
C102877,cjohnson@example.com,2026-01-01,GB,Active
C102878,shepherdjerry@example.org,2024-04-10,US,Active
C102879,zacharywatson@example.net,2024-11-03,IN,Active
C102880,ishepherd@example.org,2026-01-31,US,Active
C102881,cynthiamoore@example.net,2024-11-23,US,Active
C102882,tmccullough@example.com,2025-03-30,GB,Active
C102883,jason21@example.org,2025-02-13,CA,Active
C102884,vscott@example.net,2025-10-29,MX,Active
C102885,balexander@example.net,2024-03-25,US,Active
C102886,bergandrea@example.net,2024-08-06,US,Active
C102887,jennifer67@example.org,2024-07-09,US,Active
C102888,christopherbrown@example.com,2025-07-02,US,Active
C102889,amy48@example.org,2024-04-21,US,Inactive
C102890,woodsmark@example.net,2026-01-04,US,Active
C102891,merrittjames@example.net,2024-09-12,US,Active
C102892,jmejia@example.com,2025-04-06,US,Active
C102449,davidsonangela@example.com,2025-08-27,US,Active
C102894,arichardson@example.net,2025-12-30,US,Active
C102895,stacey32@example.org,2025-03-25,DE,Active
C102896,istanton@example.org,2025-06-29,DE,Active
C102897,johnwilliams@example.com,2026-01-24,GB,Active
C102898,rivasdylan@example.org,2025-04-28,US,Inactive
C102899,jeremyjacobson@example.com,2025-02-28,CA,Active
C102900,alexander83@example.net,2025-04-25,US,Inactive
C102901,boothtimothy@example.org,2024-03-11,GB,Active
C102902,james09@example.com,2026-02-13,DE,Active
C102903,omarking@example.org,2025-11-09,US,Active
C102904,fwallace@example.org,2024-05-26,US,Active
C102905,hayesmary@example.org,2024-03-15,IN,Active
C102906,not-an-email,2024-08-16,IN,Active
C102907,alisonunderwood@example.net,2025-10-23,US,Active
C102908,pcampbell@example.org,2024-07-22,US,Active
C102909,tiffany62@example.net,2025-08-09,CA,Active
C102910,schaefermargaret@example.org,2024-05-31,US,Active
C102911,sarawood@example.org,2025-07-12,US,Inactive
C102912,dean51@example.com,2024-06-12,GB,Active
C102913,stricklandsharon@example.com,2025-12-01,CA,Active
C102914,emeyers@example.com,2024-06-19,US,Active
C102915,williamsrobert@example.org,2024-10-30,US,Active
C102916,medinanicholas@example.org,2025-05-06,MX,Active
C102917,xlopez@example.com,2026-01-21,IN,Active
C102918,chentammy@example.com,2024-07-06,MX,Inactive
C102919,umorales@example.org,2025-01-02,US,Active
C102920,iwheeler@example.com,2025-09-10,US,Active
C102921,krodriguez@example.com,2024-12-30,US,Active
C102922,tamara82@example.org,2024-07-21,US,Active
C102923,salasbryan@example.net,2024-11-12,CA,Active
C102924,vcoleman@example.org,2025-04-04,DE,Inactive
C102925,youngadriana@example.org,2024-06-09,US,Active
C102926,whitejanice@example.org,2024-07-01,US,Active
C102927,ianhendrix@example.com,2024-03-10,IN,Active
C102928,millerjeffrey@example.net,2025-03-06,IN,Active
C102929,michele97@example.net,2024-10-16,US,Active
C102930,nhendrix@example.net,2025-04-06,DE,Active
C102931,johnsonandrew@example.net,2024-07-07,MX,Active
C102932,not-an-email,2025-12-14,CA,Active
C102933,larry60@example.net,2025-11-22,US,Inactive
C102934,escobarroberto@example.com,2024-05-08,US,Inactive
C102935,riverakristine@example.com,2025-03-09,US,Active
C102936,john60@example.org,2025-07-18,US,Active
C102937,millershaun@example.com,2025-03-01,US,Active
C102938,smithrebecca@example.net,2024-04-03,US,Inactive
C102939,bhunter@example.net,2024-03-02,CA,Active
C102940,cynthia46@example.com,2025-11-15,GB,Active
C102941,awright@example.com,2024-11-10,US,Active
C102942,lynnaguilar@example.com,2025-03-27,GB,Inactive
C102943,richardsrebecca@example.net,2025-01-18,DE,Active
C102944,laurathornton@example.org,2024-05-20,US,Active
C102945,samueldavis@example.org,2024-04-11,IN,Inactive
C102946,zhoffman@example.org,2025-01-31,DE,Active
C102947,cevans@example.com,2024-09-08,DE,Active
C102948,gloriaflores@example.org,2025-05-30,US,Inactive
C102949,thomas99@example.net,2024-05-20,US,Active
C102950,robert22@example.org,2025-03-06,US,Inactive
C102951,stephenvelez@example.net,2024-10-21,US,Active
C102952,summersgary@example.com,2024-07-22,US,Active
C102953,sextonshawn@example.net,2025-09-02,US,Active
C102954,cory71@example.com,2025-11-29,US,Active
C102955,ylynch@example.net,2024-08-12,GB,Inactive
C102956,jgreen@example.net,2026-01-01,US,Active
C102957,robert37@example.net,2025-11-20,IN,Active
C102958,ksharp@example.net,2025-12-17,US,Active
C102959,charlesanderson@example.com,2025-03-02,US,Active
C104165,robinholt@example.org,2025-09-16,IN,Active
C102961,jlindsey@example.org,2024-02-14,CA,Active
C102962,sara44@example.org,2025-09-17,GB,Active
C102963,maxdean@example.org,2025-08-15,CA,Active
C102964,allenrussell@example.net,2024-11-02,US,Inactive
C102965,david86@example.org,2025-10-05,XX,Active
C102966,christopherbraun@example.com,2024-05-25,US,Active
C102967,zunigasteven@example.org,2024-04-21,US,Active
C102968,tanyalewis@example.org,2025-01-26,IN,Active
C102827,paynejoshua@example.com,2024-06-19,CA,Inactive
C102970,crawfordjennifer@example.org,2025-12-15,CA,Active
C100308,mckenzie67@example.org,2025-10-03,US,Active
C102972,shannonbyrd@example.org,2024-12-11,US,Active
C102973,abennett@example.net,2024-12-16,US,Inactive
C102974,richmondjennifer@example.org,2024-11-13,DE,Active
C102975,ronaldknight@example.org,2025-11-07,US,Active
C102976,yangjoanna@example.org,2025-07-26,CA,Active
C102977,davidmartinez@example.org,2025-05-26,US,Active
C102978,anthony76@example.org,2025-03-01,US,Active
C102979,millermitchell@example.org,2026-02-13,CA,Inactive
C102980,salinastheresa@example.org,2024-08-29,GB,Active
C102981,blakeelizabeth@example.org,2025-03-03,US,Active
C102982,joanna98@example.net,2025-03-06,CA,Active
C102983,nicolemorse@example.net,2025-01-20,IN,Inactive
C102984,lnunez@example.org,2024-10-18,XX,Active
C102985,jackrobertson@example.net,2024-02-07,GB,Active
C102986,corey32@example.net,2024-10-08,DE,Active
C102987,angela17@example.org,2024-06-12,US,Active
C102988,heatherhayes@example.com,2024-12-26,US,Active
C102989,hinesdavid@example.org,2025-02-18,US,Inactive
C102990,travismeyer@example.org,2025-02-23,IN,Active
C102991,robertbender@example.com,2025-02-05,GB,Active
C102992,millerkristen@example.net,2024-03-17,US,Active
C102993,elizabethgriffith@example.com,2025-09-02,US,Active
C102994,michael34@example.net,2024-06-19,IN,Active
C102995,johnsonvalerie@example.net,2025-12-25,US,Inactive
C102996,monica54@example.net,2025-06-08,US,Active
C102997,donaldday@example.com,2025-07-30,MX,Active
C102998,tmccullough@example.org,2024-03-30,GB,Active
C102999,rbrown@example.org,2025-02-04,US,Active
C103000,,2025-05-12,IN,Active
C103001,vconley@example.org,2025-07-24,CA,Active
C103002,rhuerta@example.net,2024-05-08,US,Active
C103003,xcarroll@example.net,2025-04-19,MX,Active
C103004,not-an-email,2025-08-25,DE,Active
C103005,hcampbell@example.net,2025-02-12,US,Active
C103006,matthewscott@example.com,2025-11-10,US,Active
C103007,ryan59@example.org,2024-03-18,US,Active
C103008,riceedward@example.com,2024-05-05,GB,Active
C103009,john79@example.org,2024-07-21,US,Active
C103010,chapmanamanda@example.com,2025-06-28,US,Active
C103011,jamesjones@example.com,2024-04-25,US,Active
C103012,fosterjustin@example.com,2025-07-21,US,Active
C103999,bridget45@example.net,2026-01-05,US,Active
C103014,johnroberts@example.org,2025-01-05,US,Active
C103015,mooreadam@example.net,2025-12-25,IN,Active
C103016,debbiehernandez@example.net,2025-11-24,US,Active
C103017,smithcaitlin@example.com,2024-09-14,US,Active
C103018,murrayrobert@example.com,2024-09-22,MX,Active
C103019,lbarron@example.com,2025-11-10,US,Active
C101022,tcunningham@example.net,2025-11-04,US,Active
C103021,loriwalton@example.net,2025-12-05,DE,Inactive
C103022,jacob43@example.net,2025-11-08,US,Active
C103023,freemanbrian@example.com,2025-12-01,US,Active
C103024,colinabbott@example.org,2026-01-19,US,Active
C103025,aguirrecarl@example.com,2025-11-09,IN,Inactive
C103026,nbutler@example.org,2024-04-27,IN,Active
C103027,,2025-05-23,US,Active
C103028,pjordan@example.org,2025-12-10,IN,Active
C103029,josecoffey@example.net,2026-01-19,US,Active
C103030,castromindy@example.org,2024-05-17,DE,Active
C103031,osmith@example.org,2024-08-10,GB,Active
C103032,rdelgado@example.net,2026-01-07,US,Inactive
C103033,brandonmyers@example.com,2024-11-05,CA,Active
C103034,swatson@example.org,2024-03-03,IN,Active
C103035,katherinehogan@example.com,2024-11-01,DE,Active
C103036,williammoreno@example.com,2025-12-25,US,Active
C103037,jeremymontoya@example.org,2025-11-12,US,Active
C103038,paulwiley@example.com,2024-03-01,IN,Active
C103039,alexandercooper@example.org,2026-02-01,CA,Inactive
C103040,bellpatrick@example.net,2024-02-16,GB,Active
C103041,gabriellagaines@example.org,2026-01-23,US,Inactive
C103042,heather29@example.com,2024-12-12,GB,Active
C103043,grantbradley@example.com,2025-08-17,US,Active
C103044,spowers@example.net,2025-11-02,US,Active
C103045,wbrown@example.com,2025-09-16,GB,Active
C103046,eduardopotter@example.net,2026-02-13,GB,Active
C103047,pwalsh@example.org,2024-09-24,US,Active
C103048,stephaniemcdowell@example.org,2024-10-10,IN,Inactive
C103049,cory73@example.org,2024-03-15,US,Active
C103050,murphyelizabeth@example.com,2025-01-30,XX,Inactive
C103051,annakidd@example.net,2025-02-09,CA,Active
C103052,davidwelch@example.com,2025-07-05,US,Inactive
C103053,romankelly@example.org,2024-02-06,CA,Active
C103054,castrorobert@example.com,2024-04-09,IN,Active
C103055,annwoods@example.net,2024-02-27,GB,Active
C103056,mariathompson@example.org,2024-04-05,US,Active
C103057,longjohn@example.org,2024-08-07,US,Active
C103058,jeff26@example.net,2025-06-23,US,Active
C103059,sherryrodriguez@example.net,2025-09-24,US,Active
C103060,dswanson@example.com,2024-07-04,GB,Active
C103061,umurray@example.com,2025-08-12,US,Active
C103062,riveraangela@example.org,2025-08-24,IN,Active
C103063,amber05@example.com,2024-12-08,IN,Active
C103064,anthonyharmon@example.org,2025-04-21,GB,Active
C103065,deborah88@example.com,2024-12-29,CA,Active
C103066,sandra63@example.net,2025-02-26,US,Inactive
C103067,ssanders@example.net,2026-01-27,US,Active
C103068,elizabethferrell@example.org,2024-03-13,US,Inactive
C103069,williamsjames@example.net,2025-02-23,IN,Inactive
C103070,carl77@example.com,2024-11-09,MX,Active
C103071,melissacox@example.com,2026-01-31,DE,Active
C103072,dnolan@example.com,2025-06-24,US,Active
C103073,michaelmoon@example.com,2025-10-04,US,Active
C103074,alexandrapierce@example.org,2024-03-08,US,Active
C103075,stephanie51@example.net,2024-02-27,US,Active
C103076,guzmanjose@example.com,2024-09-10,US,Active
C103077,cle@example.com,2025-04-05,US,Active
C103078,joe10@example.org,2026-01-04,US,Active
C103079,alex24@example.com,2024-05-31,CA,Active
C103080,joelbrowning@example.com,2025-08-18,US,Active
C103081,crystal87@example.org,2025-02-09,US,Active
C103082,qjones@example.net,2024-02-10,GB,Active
C103083,parsonsalisha@example.org,2024-12-17,US,Active
C103084,mwilson@example.com,2025-08-11,US,Active
C103085,nchristensen@example.com,2024-03-08,GB,Active
C103086,xjackson@example.net,2024-12-10,DE,Active
C103087,lwolfe@example.net,2024-06-26,US,Inactive
C103088,kathyfranklin@example.com,2025-12-28,US,Active
C103089,rebecca24@example.net,2024-11-17,CA,Active
C103090,brianmiller@example.org,2025-08-28,US,Active
C103091,ariel97@example.org,2025-05-26,US,Active
C103092,johnsonmichael@example.net,2025-02-25,GB,Active
C103093,turnerdaniel@example.net,2024-11-19,US,Active
C103094,tinacooke@example.net,2025-03-07,US,Active
C103095,nicole59@example.net,2025-02-08,IN,Active
C103808,wchen@example.net,2025-06-26,US,Active
C103097,jacqueline30@example.net,2025-04-04,US,Active
C103098,chavezbryan@example.org,2024-12-24,US,Inactive
C103099,pamela82@example.org,2025-10-21,DE,Active
C103100,stephaniemartinez@example.com,2024-03-08,US,Active
C103101,flemingcristina@example.org,2025-11-28,US,Active
C103102,jennifer44@example.net,2025-10-08,IN,Active
C103103,sjimenez@example.org,2024-10-17,US,Active
C103104,walkerkaren@example.net,2024-09-05,GB,Active
C103105,,2024-02-07,IN,Active
C103106,robert09@example.com,2024-12-21,US,Active
C103107,deborah47@example.org,2024-03-13,IN,Active
C103108,matthewsmith@example.org,2025-11-06,US,Inactive
C103109,vkelley@example.net,2024-12-12,US,Active
C103110,lewisrobert@example.org,2024-03-31,US,Active
C103111,bleblanc@example.com,2025-08-13,US,Active
C103112,joshua84@example.net,2025-10-21,MX,Active
C103113,ugarcia@example.com,2026-01-08,XX,Active
C103114,adonaldson@example.org,2024-10-25,US,Active
C100583,anthonybarnes@example.org,2025-07-08,US,Active
C103116,robertsmith@example.net,2024-05-29,US,Inactive
C103117,qphillips@example.org,2025-07-24,US,Active
C103118,williamsmegan@example.org,2026-01-09,DE,Active
C103119,matthew28@example.org,2024-06-25,US,Active
C103120,thomaskayla@example.com,2025-08-02,GB,Active
C103121,zlang@example.org,2025-06-18,IN,Active
C103122,bowmanjennifer@example.org,2025-09-02,CA,Active
C103123,tricia41@example.net,2024-05-11,US,Active
C103124,timothy18@example.net,2025-03-07,CA,Active
C103125,laurabridges@example.org,2024-09-23,IN,Active
C103126,kaitlyn44@example.org,2025-07-04,CA,Active
C103127,conniesuarez@example.net,2025-05-22,US,Inactive
C103128,christopher38@example.org,2025-04-22,GB,Active
C103129,mariarobinson@example.org,2024-07-04,DE,Active
C103130,valerie37@example.com,2024-05-30,MX,Active
C103131,kyleroach@example.org,2026-01-09,MX,Active
C103132,david79@example.net,2024-12-19,US,Active
C103133,,2024-10-07,GB,Active
C103134,michaelphillips@example.net,2025-12-09,US,Active
C103135,ashley01@example.org,2025-11-04,CA,Active
C103136,bhamilton@example.com,2024-02-06,US,Active
C103137,pbrown@example.org,2024-08-24,US,Active
C103138,holly10@example.org,2024-08-09,DE,Active
C103139,morgan30@example.org,2025-03-09,US,Active
C103140,shannon54@example.com,2025-09-05,US,Active
C103141,zarcher@example.org,2025-09-03,DE,Active
C103142,jorge77@example.com,2025-08-06,US,Active
C103143,woodsjack@example.net,2025-04-26,US,Active
C103144,kimberlyfitzpatrick@example.org,2025-08-03,US,Active
C102826,dylanmurillo@example.com,2025-01-07,CA,Active
C103146,margaret84@example.net,2025-10-22,US,Active
C103147,patriciarivera@example.com,2024-02-28,US,Active
C103148,michelleanderson@example.net,2025-12-31,CA,Active
C103149,tschmidt@example.com,2024-05-04,IN,Inactive
C103150,phillipparker@example.net,2024-05-06,US,Active
C103151,robinsonrenee@example.net,2024-08-21,GB,Active
C103152,normandarius@example.com,2025-05-27,US,Active
C103153,weaverlee@example.net,2024-10-23,GB,Active
C103154,rfoster@example.org,2024-04-01,IN,Active
C103155,wrightjulie@example.net,2025-02-28,XX,Active
C103156,jessicanunez@example.net,2025-08-29,CA,Active
C103157,christopher38@example.net,2025-05-27,IN,Active
C103158,valerie11@example.com,2024-10-22,CA,Inactive
C103159,zgarcia@example.org,2024-10-23,MX,Inactive
C103160,qcolon@example.com,2024-10-19,CA,Active
C103161,nguyensamuel@example.net,2024-06-20,US,Active
C103162,alicia08@example.com,2025-12-23,US,Active
C103163,tcantu@example.net,2026-01-22,DE,Inactive
C103164,melissa43@example.net,2025-08-28,DE,Active
C103165,deanna71@example.com,2026-01-19,IN,Active
C103166,ashleyjones@example.net,2025-03-27,US,Active
C103918,galvanmichael@example.com,2025-05-24,CA,Active
C103168,mccormickryan@example.net,2024-04-02,XX,Active
C103169,jonesjulie@example.net,2024-06-24,US,Active
C103170,kelseymichael@example.com,2025-09-05,CA,Active
C103171,qhart@example.org,2024-09-07,US,Active
C103172,kristinaallen@example.com,2024-03-12,US,Active
C103173,rwood@example.net,2024-09-14,US,Active
C103174,ellisonkaren@example.org,2026-01-13,US,Active
C100451,sue51@example.org,2024-06-05,US,Active
C101611,nathan50@example.net,2024-05-12,IN,Active
C103177,wilkinssteven@example.net,2024-08-05,US,Inactive
C103178,gcastro@example.org,2026-01-10,CA,Inactive
C103179,joshua64@example.net,2025-05-27,US,Active
C103180,jeremymorris@example.net,2025-09-20,US,Active
C103181,mathew58@example.net,2025-06-12,US,Inactive
C103182,not-an-email,2025-07-03,US,Active
C103183,taradavenport@example.org,2024-05-17,GB,Active
C103184,julie36@example.org,2024-05-18,US,Active
C103185,greeneeric@example.org,2025-09-19,US,Active
C103186,jay28@example.net,2024-11-11,US,Active
C103187,jennifer14@example.com,2025-05-13,US,Active
C103188,wnelson@example.com,2025-06-15,DE,Inactive
C103189,not-an-email,2025-11-21,IN,Active
C103190,leonardsierra@example.com,2025-06-18,DE,Inactive
C103191,dgiles@example.org,2024-11-20,IN,Active
C103192,ralphsmith@example.net,2025-08-08,IN,Inactive
C103193,sanchezrebecca@example.org,2024-06-30,MX,Inactive
C103194,james49@example.com,2024-06-18,IN,Active
C103195,hatfielderic@example.com,2025-03-19,DE,Active
C103196,mcmillanshirley@example.org,2024-05-01,US,Active
C103197,pgrant@example.org,2024-10-08,US,Inactive
C103198,ronald71@example.com,2026-01-30,DE,Active
C103199,adam68@example.com,2025-03-18,US,Active
C103200,andersonlinda@example.org,2024-02-19,US,Active
C103201,emilymartinez@example.net,2025-06-30,DE,Active
C103202,diazchristian@example.net,2024-09-17,GB,Active
C103203,donaldsummers@example.org,2026-01-08,US,Active
C103204,stevenskarina@example.com,2025-04-06,GB,Active
C103205,derek53@example.com,2024-07-29,US,Active
C103206,ohansen@example.net,2025-05-27,US,Inactive
C103207,kurt38@example.com,2024-06-25,US,Active
C103208,lclark@example.org,2025-08-30,US,Active
C103209,,2025-01-24,IN,Active
C103210,qanderson@example.com,2024-02-16,US,Active
C103211,adamwilliams@example.net,2025-04-10,US,Active
C103212,marywilliams@example.org,2025-07-01,US,Active
C103213,justin48@example.org,2025-10-27,US,Active
C103214,oliverbeverly@example.com,2025-03-24,US,Active
C103215,cynthiabrooks@example.org,2024-06-07,US,Inactive
C103216,wardheather@example.net,2025-08-23,GB,Inactive
C103217,barnesjessica@example.net,2024-07-06,US,Active
C103218,khodges@example.com,2025-11-22,GB,Inactive
C103219,not-an-email,2024-11-17,GB,Inactive
C103220,matthewedwards@example.net,2024-02-12,CA,Active
C103221,zhall@example.org,2025-04-08,GB,Inactive
C103222,carterchristine@example.org,2024-04-15,US,Active
C103223,jeffreybarnes@example.net,2025-05-20,GB,Inactive
C103224,gregory53@example.net,2024-11-02,US,Active
C103225,lucasmelinda@example.com,2024-05-28,US,Inactive
C103226,nsantiago@example.com,2024-02-25,US,Active
C103227,xtorres@example.net,2024-12-09,US,Inactive
C103228,jonathan12@example.com,2024-04-14,US,Active
C103229,lawrence24@example.com,2025-01-25,IN,Inactive
C103230,billyfigueroa@example.com,2025-04-19,CA,Active
C103231,robert37@example.org,2024-07-06,CA,Active
C103232,nicholsgina@example.net,2025-03-03,IN,Active
C103233,adamsdavid@example.com,2025-09-23,US,Active
C103234,ashley73@example.org,2024-05-19,US,Active
C103235,westjohn@example.com,2024-10-08,IN,Active
C103236,vwoods@example.net,2024-02-13,US,Active
C103237,laurabarnes@example.net,2025-10-22,US,Inactive
C103238,jamessanchez@example.org,2025-08-31,US,Active
C103239,dylancarlson@example.com,2024-06-28,GB,Active
C103240,dtaylor@example.net,2025-02-02,US,Active
C103241,michael80@example.org,2024-02-23,CA,Active
C103242,nancy74@example.org,2025-03-16,US,Inactive
C103243,melissa69@example.org,2024-09-07,GB,Active
C103244,fburns@example.org,2025-07-27,CA,Active
C103245,dawnvalentine@example.org,2025-12-19,US,Active
C103246,not-an-email,2024-10-31,CA,Active
C103247,fbennett@example.net,2024-11-04,US,Inactive
C103248,yyork@example.com,2024-03-05,US,Active
C100921,thomaschristopher@example.com,2024-10-21,CA,Active
C103250,colelaura@example.com,2025-12-12,IN,Active
C103251,jessica44@example.com,2025-05-23,DE,Active
C103252,eringarrett@example.org,2024-03-23,CA,Active
C103253,,2024-12-06,GB,Active
C103254,ortizrobert@example.org,2024-06-03,US,Active
C103255,saramoore@example.net,2024-08-28,US,Active
C103256,hwilliams@example.net,2025-05-16,US,Active
C103257,marcussandoval@example.com,2025-04-04,DE,Active
C103258,williamjohnson@example.org,2025-04-16,US,Active
C103259,cschneider@example.org,2025-02-12,DE,Active
C103260,qcantrell@example.org,2024-09-22,DE,Active
C103261,christine27@example.net,2026-01-14,US,Active
C103262,anthony69@example.org,2026-02-13,CA,Active
C103263,jason53@example.org,2024-11-15,US,Active
C103264,,2024-11-25,MX,Inactive
C103265,rebecca78@example.net,2025-06-08,US,Active
C103266,hubermatthew@example.net,2025-10-05,MX,Active
C103267,tylerjamie@example.com,2024-06-17,US,Inactive
C103268,owilliams@example.net,2025-03-03,CA,Active
C100737,asherman@example.org,2025-08-02,US,Active
C103270,,2025-03-03,GB,Active
C103271,ybauer@example.com,2024-07-16,US,Inactive
C103272,taylordesiree@example.com,2024-02-29,US,Active
C103273,afrey@example.com,2025-01-31,DE,Active
C103274,martin69@example.net,2025-05-04,DE,Active
C103275,chavezamber@example.org,2025-05-07,IN,Active
C103276,rwatts@example.com,2025-12-09,CA,Active
C103277,mendezscott@example.net,2025-01-02,US,Active
C103278,qvalentine@example.com,2024-12-27,IN,Active
C103279,conradchelsea@example.org,2025-06-30,US,Active
C103280,nicole86@example.net,2025-04-11,US,Active
C103281,martin23@example.net,2025-10-11,IN,Active
C103282,aprilbeard@example.net,2025-05-14,IN,Active
C103283,isteele@example.net,2025-10-03,US,Active
C103284,xsmith@example.com,2025-04-22,DE,Active
C103285,jevans@example.org,2024-05-04,DE,Active
C103286,gonzalezrandall@example.org,2024-12-02,GB,Active
C102016,timothy16@example.org,2024-04-22,US,Active
C103288,rachel81@example.net,2025-12-06,MX,Active
C103289,craighill@example.net,2024-02-20,MX,Active
C103290,cesar12@example.org,2025-12-27,US,Inactive
C103291,james29@example.net,2024-09-13,DE,Active
C103292,iramos@example.com,2025-04-22,IN,Active
C103293,christopher02@example.com,2025-03-28,US,Active
C103294,dking@example.org,2025-06-05,IN,Inactive
C103295,janet83@example.net,2024-08-30,IN,Active
C103296,samanthacox@example.net,2024-10-27,US,Active
C103297,virginia37@example.org,2025-02-02,US,Active
C103298,sbell@example.net,2024-11-15,US,Active
C103299,ronald84@example.com,2025-04-22,MX,Active
C103300,deborahwatkins@example.com,2025-10-04,GB,Active
C103301,sandra44@example.com,2025-06-03,CA,Active
C103302,calvin11@example.net,2025-08-11,US,Active
C103303,hernandezashley@example.org,2024-12-06,MX,Inactive
C103304,thomasbarajas@example.net,2025-04-24,US,Active
C103305,matthewbrown@example.net,2025-12-16,US,Active
C103306,adam68@example.net,2024-11-12,IN,Active
C103307,davidnelson@example.com,2024-05-28,US,Active
C103308,jeanette56@example.org,2025-10-14,GB,Inactive
C103309,dananguyen@example.org,2024-12-08,US,Active
C103310,,2024-03-22,US,Active
C103311,not-an-email,2025-04-11,US,Active
C103312,michelleking@example.com,2024-05-20,IN,Active
C103313,,2024-11-22,US,Active
C103314,andrealong@example.com,2025-12-25,US,Active
C103315,stevensdiana@example.com,2025-12-27,MX,Active
C103316,paula92@example.net,2025-10-25,US,Active
C103317,david88@example.net,2025-06-09,US,Active
C103318,jeremy08@example.org,2024-05-22,US,Active
C103319,morenosusan@example.net,2024-11-17,GB,Active
C103320,,2024-12-31,MX,Active
C103321,courtneymurphy@example.com,2025-06-22,IN,Inactive
C103322,chelseatyler@example.org,2024-09-10,US,Active
C103323,michael90@example.org,2024-09-21,US,Active
C103324,georgedana@example.com,2024-10-23,DE,Active
C103325,marklane@example.net,2025-12-05,US,Active
C103326,dylannguyen@example.com,2024-02-26,US,Inactive
C103327,perezmichael@example.net,2025-03-07,DE,Active
C103328,erikagarcia@example.net,2025-10-19,CA,Active
C103329,gonzalezdavid@example.com,2025-06-28,US,Active
C103330,christopheranderson@example.com,2024-04-09,US,Active
C103331,sharon06@example.net,2025-05-15,US,Active
C103332,nancywilliams@example.net,2024-09-09,US,Active
C103333,benderdaniel@example.net,2025-09-30,GB,Active
C103334,reedtony@example.org,2024-07-08,MX,Active
C103335,chapmanelizabeth@example.net,2025-03-23,DE,Active
C103336,ewilson@example.org,2024-09-14,US,Active
C103337,tjohnson@example.com,2025-05-06,US,Inactive
C103338,avilajennifer@example.org,2024-11-29,DE,Active
C103339,fjohnson@example.com,2025-11-08,US,Active
C103340,drakenorman@example.net,2024-04-26,US,Inactive
C103341,cameronpacheco@example.net,2025-06-10,US,Active
C103342,byoung@example.org,2025-06-30,US,Active
C103343,robinsonmarisa@example.net,2025-11-22,CA,Inactive
C103344,hollowaypatrick@example.com,2026-02-13,GB,Active
C103345,ellissusan@example.com,2024-05-01,US,Active
C103346,adamsheather@example.com,2024-12-03,US,Active
C103347,webstersean@example.com,2025-03-10,XX,Active
C103348,sadams@example.org,2024-07-14,DE,Active
C103349,caseyholland@example.org,2025-07-15,US,Active
C103350,smithlori@example.net,2024-05-06,US,Active
C103351,bdavis@example.org,2025-03-23,US,Active
C103352,kruegershane@example.net,2024-05-12,CA,Active
C103353,hlewis@example.net,2026-01-14,CA,Active
C103354,robert48@example.com,2024-04-27,US,Active
C103355,melinda86@example.com,2024-12-17,US,Active
C103356,not-an-email,2025-06-04,GB,Inactive
C103357,jessicasmith@example.net,2025-03-09,GB,Active
C103358,wagneramber@example.net,2025-04-28,CA,Active
C103359,imartinez@example.net,2024-06-07,IN,Active
C103360,samantha47@example.org,2024-09-08,GB,Inactive
C103361,jonathan53@example.org,2024-06-21,MX,Active
C103362,tbarrera@example.com,2024-05-17,CA,Active
C103363,jonestina@example.org,2025-02-03,US,Active
C103364,stephenmorgan@example.com,2025-05-27,DE,Active
C103365,louissullivan@example.net,2025-12-23,US,Active
C103366,lcarpenter@example.com,2024-02-15,MX,Inactive
C103367,gwood@example.org,2025-10-10,US,Active
C103368,cassie69@example.org,2025-02-22,US,Inactive
C103369,michael29@example.net,2025-09-02,CA,Active
C103370,jason08@example.org,2024-07-06,DE,Active
C103371,smithhaley@example.com,2024-02-22,GB,Active
C103372,qcook@example.com,2024-08-27,GB,Inactive
C103373,martincharles@example.com,2024-12-07,US,Active
C103374,fflores@example.com,2025-06-13,US,Active
C103375,veronica10@example.net,2024-09-15,DE,Active
C103376,iwilliams@example.com,2024-05-07,MX,Active
C103377,stephenrose@example.net,2024-12-16,GB,Inactive
C103378,,2025-04-11,US,Inactive
C103379,harrisjody@example.net,2024-04-10,US,Active
C103380,,2024-09-21,DE,Active
C103381,wilsonsamantha@example.org,2025-12-29,CA,Inactive
C103382,hughesshaun@example.net,2025-01-15,MX,Active
C103383,richardmiller@example.net,2025-05-27,MX,Active
C103384,ortegascott@example.org,2024-02-20,US,Active
C103385,kristinaallen@example.com,2024-11-14,US,Active
C103386,cainnatalie@example.com,2024-07-20,US,Active
C103387,wadecharles@example.com,2025-09-11,US,Active
C103388,shelia41@example.com,2025-02-11,US,Active
C103389,campbellbethany@example.net,2025-09-05,DE,Active
C103390,alvaradokimberly@example.org,2025-10-02,DE,Active
C103391,rodgerskevin@example.org,2024-06-10,GB,Active
C103392,blakeallison@example.net,2025-02-13,US,Active
C103393,danieljones@example.net,2025-12-22,GB,Active
C103394,melanie37@example.net,2025-03-04,US,Inactive
C103395,whitecrystal@example.net,2025-12-14,CA,Active
C103396,jamie07@example.net,2024-02-13,IN,Active
C103397,richardcooper@example.net,2024-05-30,US,Active
C103398,julieallen@example.com,2025-10-20,US,Active
C103399,smithalexandra@example.com,2025-08-24,MX,Active
C103400,taylorkenneth@example.net,2024-09-01,US,Inactive
C103401,kathryn88@example.org,2025-03-25,DE,Active
C103402,susan45@example.org,2024-08-28,US,Inactive
C103403,ytaylor@example.org,2025-02-23,US,Active
C103404,hayescarrie@example.net,2025-05-02,US,Active
C103405,georgeflowers@example.org,2025-12-12,US,Active
C103406,marshcharles@example.net,2024-07-31,IN,Active
C103407,heather65@example.com,2024-10-28,US,Active
C103408,stephanie05@example.com,2024-03-02,MX,Active
C103409,austinyoung@example.org,2025-09-24,US,Active
C103410,stephanieperry@example.net,2024-12-10,US,Inactive
C103411,hlewis@example.org,2024-03-03,GB,Active
C103412,cthompson@example.com,2025-09-19,IN,Active
C103413,carlabailey@example.net,2024-04-25,US,Active
C103414,,2025-03-27,US,Inactive
C103415,twoodard@example.org,2024-02-09,US,Active
C103416,uadams@example.com,2025-10-23,CA,Active
C103417,donnaneal@example.net,2025-08-01,MX,Active
C103418,ocross@example.com,2024-10-21,GB,Active
C103419,brenda38@example.com,2025-05-23,GB,Active
C103420,brandon61@example.org,2024-10-16,GB,Active
C103421,ginamay@example.com,2025-06-12,DE,Active
C103422,rick85@example.org,2024-12-18,DE,Active
C103423,nelsonantonio@example.com,2024-07-31,US,Active
C103424,brentcarter@example.org,2025-06-09,US,Active
C103425,robin39@example.net,2025-11-20,GB,Active
C103426,williamsjennifer@example.net,2025-07-13,DE,Active
C103427,kennethtucker@example.org,2025-12-23,IN,Active
C103428,christopherjones@example.org,2025-06-13,US,Active
C103429,fgreen@example.org,2024-02-20,US,Active
C104479,bishopcalvin@example.org,2024-04-24,US,Active
C103431,rklein@example.org,2024-10-25,DE,Active
C103432,teresaperez@example.org,2025-01-21,US,Active
C103433,cweeks@example.net,2024-05-16,CA,Active
C103434,christinepeterson@example.org,2025-04-04,DE,Active
C103435,darrylshelton@example.org,2024-03-07,US,Active
C103436,roylawrence@example.org,2026-01-21,CA,Active
C103437,colin26@example.net,2025-05-30,US,Active
C103438,crystalrivera@example.com,2025-08-12,US,Inactive
C103439,mcmahoncatherine@example.net,2024-03-12,MX,Active
C103440,not-an-email,2026-01-08,GB,Active
C103441,hansondenise@example.net,2024-07-15,US,Active
C103442,wyatt82@example.com,2024-06-19,CA,Active
C103443,dwerner@example.net,2025-07-20,US,Active
C103444,deborahmitchell@example.org,2025-08-11,MX,Active
C103445,vsmith@example.org,2025-03-26,GB,Inactive
C103446,wardjessica@example.com,2024-06-14,US,Active
C103447,dfoster@example.net,2025-04-17,US,Active
C103448,danielbishop@example.com,2025-10-19,IN,Active
C103449,santanaduane@example.net,2024-09-11,DE,Active
C103450,zburns@example.net,2024-10-04,US,Active
C103451,mandy46@example.org,2025-02-15,US,Active
C103452,,2025-05-22,US,Active
C103453,nelsonryan@example.net,2024-08-12,US,Active
C103454,larrybaker@example.org,2025-02-13,US,Active
C103455,not-an-email,2026-01-25,US,Active
C103456,jonathan96@example.com,2025-05-12,US,Active
C103457,not-an-email,2025-06-17,CA,Active
C103458,loretta01@example.net,2025-04-19,IN,Active
C103459,gibbspatrick@example.org,2025-12-27,US,Active
C103460,arobinson@example.com,2024-05-24,US,Active
C103461,loristevens@example.org,2024-06-19,US,Active
C103462,manningmegan@example.com,2024-11-07,IN,Inactive
C103463,alexissmith@example.net,2024-08-25,US,Active
C103464,anna91@example.com,2024-12-08,MX,Active
C103465,moorevictor@example.com,2025-01-02,DE,Active
C103466,udavis@example.org,2024-03-02,IN,Active
C103467,cgarza@example.org,2024-10-16,US,Active
C103468,tracihendricks@example.org,2024-03-01,MX,Active
C103469,michelle60@example.net,2025-08-24,MX,Active
C103470,mraymond@example.net,2024-11-08,GB,Inactive
C103471,frostangela@example.org,2025-04-22,US,Active
C103472,rogersmelissa@example.net,2024-11-25,US,Active
C103473,hsanchez@example.net,2025-08-26,DE,Active
C103474,akeller@example.net,2025-03-26,US,Active
C103475,chad80@example.org,2024-09-29,GB,Active
C103476,msmith@example.com,2024-07-12,US,Active
C103477,hortondebra@example.com,2026-02-13,XX,Active
C103478,mccartyjesse@example.net,2024-07-16,US,Active
C103479,umurphy@example.com,2025-03-11,US,Active
C103480,rebeccawilliams@example.com,2025-04-04,US,Active
C103481,martintanya@example.net,2024-05-08,US,Active
C103482,susankent@example.org,2025-01-11,GB,Active
C103483,lisabaker@example.net,2024-05-10,US,Active
C103484,alexander40@example.net,2024-10-30,US,Active
C103485,wadetammy@example.net,2024-06-25,US,Active
C103486,james51@example.com,2024-09-03,GB,Active
C103487,vasquezrobert@example.org,2025-01-28,US,Inactive
C103488,osbornjames@example.net,2025-11-02,US,Active
C103489,,2026-01-26,US,Active
C103490,megan11@example.com,2024-02-19,US,Active
C103491,nicholas75@example.com,2025-02-25,GB,Active
C103492,roberta23@example.org,2025-08-07,US,Active
C103493,nathansmith@example.net,2025-03-02,CA,Active
C103494,not-an-email,2025-07-19,US,Active
C103495,morrisdavid@example.org,2025-05-30,CA,Active
C103496,christian31@example.org,2025-06-26,DE,Active
C103497,william17@example.com,2025-06-24,US,Active
C103498,kgonzalez@example.org,2025-01-01,GB,Active
C103499,laurenwoods@example.net,2024-12-02,US,Active
C103500,amberdixon@example.com,2024-07-01,US,Active
C103501,kevincooley@example.net,2024-08-19,US,Active
C103502,carrolltodd@example.org,2024-02-14,US,Active
C103503,hawkinskristin@example.net,2024-04-18,US,Active
C103504,mary81@example.net,2024-04-23,IN,Active
C103505,brittneyshaw@example.net,2025-09-08,US,Active
C103506,jasmine76@example.org,2024-08-18,MX,Active
C103507,harrischristopher@example.net,2026-01-10,MX,Active
C103508,martinhawkins@example.org,2025-02-07,GB,Inactive
C103509,patrickstevens@example.net,2024-12-27,US,Active
C103510,denise38@example.org,2024-11-22,IN,Active
C103511,heatherferguson@example.com,2024-05-29,GB,Active
C103512,angelabaker@example.net,2024-07-24,MX,Active
C103513,shawn38@example.org,2025-04-28,DE,Inactive
C103514,richkevin@example.org,2024-07-24,US,Active
C103515,richardbarton@example.org,2025-10-19,CA,Active
C103516,not-an-email,2025-01-15,CA,Active
C103517,,2025-01-17,US,Active
C103518,nancyandrade@example.com,2025-12-28,US,Active
C103519,wstout@example.org,2024-08-26,GB,Active
C103520,fcarter@example.net,2025-08-30,GB,Inactive
C103521,meagan13@example.com,2024-02-21,DE,Active
C103522,lynnbrandy@example.com,2024-11-10,CA,Inactive
C104277,amiller@example.org,2026-01-27,IN,Active
C103524,shepardlisa@example.net,2025-02-19,GB,Active
C103525,lhubbard@example.org,2025-10-25,DE,Active
C103526,elizabeth81@example.com,2024-04-09,CA,Active
C103527,christopher04@example.com,2024-11-22,DE,Inactive
C103528,ayalapatrick@example.com,2024-03-10,IN,Active
C103529,ryan02@example.org,2025-07-14,IN,Active
C103530,yvonneriley@example.com,2025-05-31,US,Active
C103531,beckerdana@example.com,2025-03-15,US,Active
C103532,warren35@example.com,2025-03-23,GB,Active
C103533,ashley41@example.com,2025-05-21,MX,Active
C103534,ggonzales@example.net,2024-11-18,US,Active
C103535,powellrobert@example.com,2024-05-14,GB,Active
C102677,tfreeman@example.com,2025-06-16,CA,Active
C103537,conwayeric@example.org,2025-09-16,IN,Active
C103538,mmccoy@example.net,2024-06-23,US,Active
C103539,,2024-05-23,US,Active
C103540,cjames@example.net,2024-09-07,IN,Active
C103541,karenjones@example.com,2025-11-08,US,Active
C103542,kaylabenitez@example.org,2025-09-02,DE,Active
C103543,diazrobert@example.org,2026-02-13,US,Active
C103544,melissa13@example.com,2024-11-20,US,Active
C103545,hamiltonmatthew@example.org,2024-04-10,CA,Active
C103546,ortegashannon@example.com,2024-06-04,US,Active
C103547,amywatson@example.net,2025-11-03,US,Active
C103548,alan94@example.org,2026-01-17,MX,Active
C103549,johnholmes@example.org,2025-11-06,US,Active
C103550,ecox@example.com,2024-08-24,CA,Active
C103551,kblack@example.net,2025-12-18,US,Active
C103552,russell29@example.com,2025-07-04,CA,Active
C103553,ashleysaunders@example.net,2024-03-10,US,Active
C103554,reginald18@example.org,2024-04-03,GB,Active
C103555,qsmith@example.net,2025-07-03,US,Active
C103556,melissaparrish@example.net,2025-03-24,US,Active
C103557,,2024-07-27,US,Active
C103558,joshua58@example.net,2024-12-06,GB,Active
C103559,dawnzhang@example.org,2025-11-22,IN,Active
C103560,christinajones@example.org,2025-11-30,DE,Active
C103561,zhogan@example.com,2024-11-27,US,Active
C103562,jerry53@example.org,2024-08-17,CA,Active
C103563,zimmermanashley@example.org,2025-02-03,US,Active
C103564,joshuarobbins@example.net,2025-07-02,US,Inactive
C103565,kelly61@example.net,2025-02-28,GB,Active
C103566,nicolewilliams@example.org,2025-06-04,US,Active
C103567,fbarr@example.org,2025-08-02,US,Active
C103568,mendozarichard@example.net,2024-08-05,IN,Active
C103569,seth35@example.net,2025-08-03,US,Active
C103570,mccarthypaul@example.net,2025-10-04,US,Inactive
C103571,,2024-08-27,DE,Inactive
C103572,susangreen@example.com,2025-12-21,US,Active
C103573,wisescott@example.org,2024-07-12,IN,Active
C103574,dbradford@example.net,2024-05-16,US,Active
C103575,tannermargaret@example.com,2024-04-29,GB,Active
C103576,xanderson@example.org,2025-12-23,GB,Active
C103577,sanchezrichard@example.com,2024-03-14,US,Active
C103578,karen28@example.org,2024-02-08,US,Inactive
C103579,brandon64@example.com,2025-02-03,US,Active
C103580,nfuentes@example.org,2024-07-10,MX,Active
C103581,brianhenderson@example.net,2025-06-09,CA,Active
C103582,xmoore@example.net,2026-01-18,GB,Active
C103583,spearselizabeth@example.com,2024-11-04,US,Active
C103584,lori42@example.net,2025-12-20,US,Inactive
C103585,esmith@example.net,2025-02-06,US,Inactive
C103586,mharper@example.net,2025-10-20,DE,Active
C103587,ayalajoshua@example.org,2024-11-14,US,Active
C103588,katherinewatkins@example.org,2024-04-04,IN,Active
C103589,millerrebecca@example.com,2024-02-27,CA,Active
C103590,not-an-email,2025-10-20,CA,Active
C103591,tracyjuarez@example.net,2025-03-25,CA,Active
C103592,wilsonamanda@example.com,2025-02-04,IN,Active
C103593,lauren53@example.com,2024-08-27,US,Inactive
C103594,lisatravis@example.com,2025-12-01,US,Active
C103595,tbarnett@example.org,2024-06-15,US,Inactive
C103596,pamelabaker@example.org,2024-05-02,XX,Inactive
C103597,elizabethsanders@example.net,2025-10-06,CA,Inactive
C103598,katherine41@example.com,2024-05-19,US,Active
C103599,not-an-email,2024-08-01,US,Active
C103600,donald58@example.net,2025-09-20,US,Active
C103601,reynoldscarmen@example.org,2024-04-30,US,Active
C103602,williamwilliams@example.com,2025-10-15,DE,Active
C103603,christopherthompson@example.net,2025-06-17,IN,Active
C103604,justinfoster@example.net,2024-07-15,US,Active
C103605,xbell@example.com,2025-05-23,DE,Active
C103606,gdominguez@example.org,2024-08-12,IN,Active
C103607,schroedermatthew@example.org,2026-01-28,GB,Active
C103608,raymond45@example.com,2024-07-09,DE,Active
C103609,pbrown@example.net,2025-08-12,US,Active
C103610,danieljensen@example.com,2025-02-17,US,Inactive
C103611,martindanny@example.org,2025-12-04,US,Active
C103612,john23@example.com,2025-03-13,CA,Active
C103613,rkemp@example.com,2025-11-22,US,Active
C103614,joseph09@example.net,2024-07-10,US,Active
C103615,ishields@example.net,2024-05-16,US,Active
C103616,benjamin76@example.com,2025-01-14,US,Inactive
C103617,brice@example.org,2024-08-15,US,Active
C103618,mnelson@example.net,2024-11-12,IN,Active
C103619,karenfreeman@example.org,2025-04-03,DE,Inactive
C103620,lisamiller@example.com,2025-02-19,IN,Active
C103621,aalexander@example.org,2025-05-13,DE,Inactive
C103622,juan26@example.net,2025-03-13,US,Active
C103623,peggy86@example.org,2025-12-03,US,Active
C103624,daniel28@example.com,2024-08-19,CA,Active
C103625,angelawhite@example.net,2024-10-22,US,Active
C103626,drew95@example.net,2024-03-26,MX,Active
C103627,mooreamanda@example.com,2024-09-25,GB,Active
C103628,,2024-10-16,MX,Active
C100521,nancy70@example.net,2025-09-23,US,Active
C103630,mroberson@example.net,2025-03-31,US,Active
C103631,margaretclark@example.net,2024-10-24,US,Active
C103632,davidvargas@example.net,2025-03-09,DE,Active
C103633,dale20@example.net,2024-08-16,US,Active
C103634,nicolelewis@example.com,2024-02-29,US,Active
C103635,scollins@example.org,2025-03-05,US,Active
C103636,piercebryce@example.com,2025-09-24,US,Active
C103637,,2026-02-13,IN,Active
C103638,tonyahenderson@example.com,2026-01-22,US,Active
C103639,qjackson@example.net,2025-02-17,GB,Active
C102403,vcooper@example.com,2024-10-09,US,Active
C103641,beasleyraymond@example.org,2024-06-30,US,Inactive
C103642,andrebanks@example.net,2024-02-13,US,Active
C103643,davisdavid@example.org,2024-10-27,US,Active
C103644,becky51@example.net,2024-05-21,CA,Active
C103645,amy06@example.net,2024-05-27,DE,Active
C103646,markknight@example.net,2024-07-30,DE,Active
C103647,darrylsmith@example.net,2026-01-04,DE,Inactive
C103648,lstephens@example.com,2025-06-24,CA,Active
C103649,toddphillips@example.com,2024-08-09,CA,Active
C103650,antonio91@example.org,2024-03-06,US,Active
C103651,bnelson@example.org,2025-07-23,US,Active
C103652,elizabethbrown@example.com,2024-04-24,CA,Active
C103653,hmclean@example.com,2025-01-31,US,Active
C103654,brandonpham@example.net,2024-02-27,US,Active
C103655,ryan74@example.org,2025-12-23,US,Active
C103656,nicole49@example.org,2025-01-06,US,Active
C103657,cdixon@example.net,2024-07-27,US,Active
C103658,alexandria25@example.org,2024-11-09,US,Inactive
C103659,jadams@example.com,2024-10-16,US,Inactive
C103660,jamesparks@example.org,2025-07-31,US,Active
C103661,christopher72@example.net,2025-01-05,US,Active
C103662,xrojas@example.com,2025-10-31,MX,Active
C103663,jeromejimenez@example.org,2025-10-27,US,Active
C103664,gjones@example.org,2025-12-18,US,Active
C103665,ferrellcynthia@example.com,2025-04-25,US,Active
C103666,joycesanchez@example.net,2024-11-03,US,Active
C103667,rturner@example.org,2025-06-12,IN,Inactive
C103668,bennettwilliam@example.com,2024-04-26,US,Active
C103669,matthewpratt@example.net,2025-01-24,US,Active
C103670,hbrewer@example.org,2025-05-04,US,Inactive
C103671,karroyo@example.org,2024-04-17,GB,Inactive
C103672,maria28@example.org,2025-01-20,CA,Active
C103673,alice67@example.net,2025-08-01,MX,Active
C103674,lfry@example.com,2024-04-29,US,Active
C103675,pmiller@example.com,2024-09-04,US,Active
C103676,timothy39@example.com,2024-11-18,US,Active
C103677,swoods@example.com,2025-03-22,US,Active
C103678,harperaustin@example.net,2025-03-07,US,Active
C103679,gallowaytravis@example.com,2026-01-06,US,Active
C103680,vhayes@example.org,2026-01-10,US,Active
C103681,ggonzalez@example.org,2025-05-05,GB,Inactive
C103682,arnoldkenneth@example.org,2025-08-22,US,Active
C103683,katherinedavis@example.net,2024-11-08,US,Active
C103684,meganwalker@example.net,2025-11-16,IN,Active
C103685,kevinnewman@example.net,2026-01-19,US,Inactive
C103686,parkerjennifer@example.com,2025-11-08,US,Active
C103687,milleraaron@example.net,2024-09-30,US,Active
C103688,holdendonna@example.com,2025-11-25,GB,Active
C103689,ewalker@example.org,2026-01-31,US,Active
C103690,katherinewilliams@example.com,2025-05-16,CA,Inactive
C103691,lholt@example.net,2025-09-04,US,Active
C103692,xsmith@example.com,2024-10-11,MX,Active
C103693,markcummings@example.net,2024-10-24,IN,Active
C103694,taylorjulie@example.com,2025-11-20,US,Active
C103695,marvinhodge@example.com,2025-01-29,US,Active
C103696,ggarrett@example.com,2025-01-17,US,Active
C103697,robertfarley@example.net,2025-01-12,DE,Active
C103698,ethomas@example.net,2024-02-12,GB,Active
C103699,taylor00@example.net,2024-10-11,DE,Active
C103700,stephenmartinez@example.org,2024-10-22,IN,Active
C103701,,2025-03-03,US,Inactive
C103702,robertpace@example.com,2024-12-18,GB,Inactive
C103703,ortegachristopher@example.org,2024-04-26,US,Active
C103704,not-an-email,2024-07-10,DE,Inactive
C103705,yparker@example.org,2026-02-13,DE,Active
C103706,gonzalezanthony@example.net,2025-07-17,IN,Active
C103707,stacy23@example.org,2025-08-09,CA,Active
C103708,csmith@example.org,2025-06-07,US,Active
C103709,caroline95@example.org,2025-10-20,IN,Inactive
C103710,patricia42@example.com,2024-07-20,US,Active
C103711,mirandaroberts@example.org,2026-01-27,US,Active
C103712,stevensandrea@example.com,2025-04-20,CA,Active
C103713,lwarren@example.com,2025-11-01,US,Active
C103714,christy43@example.com,2024-04-21,GB,Active
C103715,michellemartinez@example.org,2025-10-27,US,Active
C103716,not-an-email,2025-08-15,IN,Active
C103717,christophercarter@example.org,2024-04-18,US,Active
C103718,anitagreen@example.com,2025-10-29,US,Active
C103719,kennedyjavier@example.org,2024-10-30,US,Active
C103720,jonathancole@example.com,2025-03-07,IN,Active
C103721,clarkjennifer@example.net,2025-10-11,CA,Active
C103722,jasminerivera@example.org,2025-06-07,US,Active
C103723,jacob49@example.com,2025-03-18,US,Inactive
C103724,russelljohn@example.com,2024-12-06,US,Active
C103725,millerbryan@example.net,2025-11-12,US,Active
C103726,matthew63@example.com,2024-05-18,US,Active
C103727,leonjames@example.org,2024-08-28,US,Active
C103728,christopher35@example.org,2025-01-09,US,Active
C103729,ywilliams@example.com,2025-02-17,CA,Active
C103730,kristi11@example.org,2024-12-18,US,Active
C103731,brad27@example.org,2024-03-09,MX,Active
C103732,thomasbarry@example.org,2024-12-06,US,Active
C103733,wendy24@example.org,2024-12-07,US,Active
C103734,,2025-10-13,DE,Active
C103735,longpatrick@example.org,2024-02-07,CA,Active
C103736,carl80@example.org,2024-02-04,DE,Active
C103737,nancy73@example.net,2024-11-21,US,Active
C103738,amybrown@example.net,2024-12-12,US,Active
C103739,marycampbell@example.com,2025-02-08,MX,Active
C103740,john92@example.com,2025-08-26,CA,Active
C103741,terryjonathan@example.org,2026-01-21,US,Active
C103742,markthompson@example.org,2024-05-26,CA,Active
C103743,lnguyen@example.org,2024-12-26,GB,Active
C100088,matthew41@example.org,2024-11-19,DE,Active
C103745,brentedwards@example.org,2025-06-30,GB,Inactive
C103746,christopher99@example.com,2026-01-17,MX,Inactive
C103747,courtneylopez@example.org,2024-04-05,CA,Active
C103748,michellethomas@example.org,2025-03-15,US,Active
C103749,kristen17@example.com,2026-02-01,US,Active
C103750,wisejoseph@example.net,2024-10-22,US,Inactive
C103751,qluna@example.org,2024-12-05,US,Active
C103752,megan34@example.org,2025-11-11,DE,Active
C103753,kimberly81@example.org,2026-01-17,CA,Active
C103754,robertsingh@example.org,2024-02-13,CA,Active
C103755,not-an-email,2024-06-10,MX,Active
C103756,melanierich@example.net,2025-07-28,DE,Active
C103757,richardsonkimberly@example.org,2026-01-01,MX,Active
C103758,jason81@example.net,2025-06-05,US,Active
C103759,blackmichael@example.net,2025-08-21,CA,Active
C103760,ibrown@example.com,2025-07-05,US,Active
C103761,smithrussell@example.net,2025-11-18,US,Active
C103762,rcook@example.com,2025-05-20,US,Inactive
C103763,fcarroll@example.com,2025-01-30,CA,Active
C103764,thomascervantes@example.org,2025-10-23,GB,Active
C103765,hancockamber@example.net,2024-12-16,US,Active
C103766,rushjames@example.com,2026-01-15,CA,Active
C103767,richardruiz@example.net,2024-08-30,GB,Active
C103768,michaelturner@example.com,2025-04-20,US,Active
C103769,utaylor@example.com,2024-10-28,US,Active
C103770,qfigueroa@example.net,2025-10-04,CA,Active
C103771,chandlercatherine@example.com,2025-12-17,CA,Active
C103772,douglasbrown@example.com,2025-08-20,GB,Active
C103773,otorres@example.net,2025-03-13,CA,Inactive
C103774,cindy09@example.org,2024-06-12,GB,Active
C103775,vblack@example.net,2025-01-24,US,Active
C103776,matthewschroeder@example.net,2025-07-06,US,Active
C103777,gina82@example.net,2024-11-05,IN,Active
C103778,suzanne95@example.com,2024-10-15,DE,Active
C103779,asanchez@example.net,2024-04-13,US,Active
C103780,bethany46@example.net,2025-02-26,US,Active
C103781,pchavez@example.org,2024-11-08,DE,Active
C103782,vevans@example.com,2026-01-14,US,Active
C103783,daltonterrance@example.net,2024-11-09,US,Active
C103784,debra02@example.org,2026-01-15,CA,Active
C103785,robinrodriguez@example.net,2025-04-12,MX,Active
C103786,katie20@example.com,2024-07-18,US,Active
C103787,qjones@example.org,2025-12-02,IN,Active
C103788,nlane@example.net,2024-10-27,XX,Active
C103789,katherineanderson@example.net,2026-01-23,IN,Active
C103790,howarderic@example.org,2025-07-12,IN,Active
C103791,ericabrown@example.org,2025-04-18,US,Active
C103792,ann80@example.org,2025-08-03,US,Inactive
C103793,alan55@example.com,2025-08-13,US,Inactive
C104399,davisbrad@example.org,2025-11-24,DE,Active
C103795,thunt@example.net,2025-06-04,US,Active
C103796,hornevirginia@example.net,2024-04-04,US,Inactive
C103797,uburns@example.net,2024-12-02,MX,Active
C103798,sfuller@example.com,2024-07-08,CA,Active
C102278,jason35@example.org,2025-12-14,CA,Active
C103800,brian71@example.com,2025-04-01,US,Active
C103801,danasmith@example.net,2024-04-07,CA,Active
C103802,howardkennedy@example.com,2024-03-28,US,Active
C103803,mendezmelinda@example.net,2025-01-09,IN,Inactive
C103804,sallen@example.net,2024-06-11,US,Active
C103805,probinson@example.com,2025-12-05,IN,Active
C103806,taylorjoann@example.net,2024-05-14,US,Active
C103807,tdavis@example.net,2026-01-03,CA,Active
C103808,tiffanylam@example.net,2024-04-07,US,Active
C103809,kimberlybowman@example.net,2024-04-23,US,Active
C103810,noneill@example.net,2024-08-13,IN,Active
C103811,olsondean@example.org,2024-04-03,US,Inactive
C103812,brandonrusso@example.net,2025-12-04,US,Active
C103813,kchambers@example.org,2024-07-07,IN,Inactive
C103814,loritran@example.org,2026-02-13,US,Active
C103815,zjohnson@example.net,2024-02-24,US,Active
C103816,jon72@example.net,2025-04-15,MX,Active
C103817,paige25@example.org,2025-02-12,IN,Active
C103818,sweeneyallen@example.com,2024-05-22,CA,Active
C103819,sspencer@example.com,2025-05-22,US,Active
C103820,wthompson@example.org,2024-05-20,CA,Active
C103821,jotorres@example.com,2025-01-22,MX,Active
C103822,jameswilson@example.net,2025-06-10,US,Active
C103823,icruz@example.com,2025-09-24,CA,Active
C103824,matthew71@example.net,2025-05-25,DE,Active
C103825,dianemoore@example.com,2024-02-12,US,Active
C103826,williamsonedwin@example.org,2025-05-10,US,Active
C103827,jennafoster@example.org,2025-07-31,CA,Active
C103828,nataliefields@example.net,2024-03-13,MX,Active
C103829,colonkevin@example.net,2025-04-23,GB,Active
C103830,sherry39@example.org,2024-03-29,US,Active
C103831,ewright@example.org,2026-01-26,DE,Active
C103832,jeromewatson@example.org,2025-09-16,US,Active
C103833,pjackson@example.com,2026-02-01,GB,Active
C103834,bakermorgan@example.net,2024-05-14,IN,Active
C103835,lauren04@example.org,2025-12-24,US,Active
C103836,pburns@example.com,2025-01-29,US,Active
C103837,debramartin@example.com,2025-03-11,US,Active
C103838,millerchristian@example.net,2025-03-04,MX,Active
C103839,kberry@example.org,2025-09-30,IN,Active
C103840,mark71@example.com,2024-06-16,US,Inactive
C103841,hoffmanelizabeth@example.net,2024-06-29,IN,Active
C103842,mullinsmatthew@example.org,2024-10-28,CA,Active
C103843,stephen28@example.net,2024-09-01,US,Active
C103844,brownapril@example.net,2024-03-13,US,Active
C103845,williamssuzanne@example.net,2025-12-07,US,Active
C103846,qwarren@example.org,2025-07-16,IN,Active
C103847,brandy94@example.net,2025-08-02,GB,Active
C103848,richardmendoza@example.com,2025-08-29,US,Inactive
C103849,adam13@example.net,2024-12-25,GB,Inactive
C103850,spatel@example.net,2025-05-31,US,Active
C103851,sheppardlindsey@example.com,2024-10-02,US,Active
C103852,nhayes@example.com,2025-05-19,DE,Active
C103853,meganschroeder@example.net,2025-09-03,GB,Active
C103854,adam06@example.com,2024-09-06,DE,Active
C103855,tonya03@example.net,2025-11-18,US,Active
C103856,newmantony@example.com,2025-10-25,US,Active
C103857,sdavis@example.com,2024-03-16,DE,Active
C103858,not-an-email,2025-01-03,US,Active
C103859,bjohnson@example.org,2024-02-19,DE,Active
C103860,qgonzalez@example.org,2025-10-21,US,Inactive
C103861,crawfordcesar@example.net,2025-03-04,US,Active
C103862,ianderson@example.org,2024-11-19,US,Active
C104412,rosborn@example.org,2025-02-23,GB,Inactive
C103864,rebeccarogers@example.org,2024-03-30,IN,Inactive
C103865,mariacantu@example.org,2025-09-14,US,Inactive
C103866,tiffany76@example.org,2025-10-31,IN,Active
C103867,boonerachel@example.com,2024-03-28,US,Active
C103868,awoodard@example.net,2024-11-23,GB,Active
C102132,pmartinez@example.com,2024-04-30,CA,Active
C103870,creynolds@example.org,2024-11-26,IN,Active
C103871,howethomas@example.com,2025-04-18,US,Inactive
C103872,jmathis@example.org,2024-05-17,DE,Active
C103873,owilson@example.net,2024-02-10,US,Active
C103874,christopherchen@example.com,2024-05-25,GB,Active
C103875,loganleonard@example.net,2025-11-23,US,Active
C103876,nguyenvictoria@example.org,2025-03-11,US,Active
C103877,alexander12@example.com,2024-09-20,US,Active
C103878,morganmarissa@example.com,2024-07-14,IN,Active
C103879,jwatson@example.net,2025-02-03,US,Active
C103880,ikim@example.com,2024-09-15,IN,Active
C103881,timothyjones@example.net,2024-12-15,DE,Active
C103882,jacob21@example.org,2025-04-26,DE,Active
C103883,kgalvan@example.org,2025-06-12,US,Active
C103884,reyesrobert@example.org,2024-02-05,US,Active
C103885,john51@example.net,2024-04-07,GB,Inactive
C103886,morganmichael@example.org,2024-02-10,US,Active
C103887,,2024-09-15,DE,Active
C103888,emilyreynolds@example.net,2025-04-21,US,Active
C103889,richardsdestiny@example.org,2025-07-27,US,Active
C103890,nicole29@example.org,2025-12-20,IN,Active
C103891,thomas68@example.org,2024-02-08,CA,Active
C103892,tracey71@example.net,2024-03-31,US,Active
C103893,tjohnson@example.com,2024-08-23,US,Active
C103894,hooperrebecca@example.org,2025-05-30,CA,Active
C103895,meghan74@example.com,2025-08-01,GB,Active
C103896,mckenzievasquez@example.com,2025-09-12,DE,Active
C103897,johnsgeorge@example.org,2025-04-30,IN,Inactive
C103898,davidmckee@example.net,2024-05-11,US,Active
C103899,joanna21@example.com,2025-11-19,US,Active
C103900,dudleyemily@example.net,2025-04-19,US,Active
C103901,diaztodd@example.org,2025-07-25,DE,Active
C103902,nathanielphillips@example.com,2024-07-31,GB,Active
C103903,not-an-email,2025-12-17,US,Active
C103904,wfreeman@example.net,2024-12-30,MX,Active
C103905,garciathomas@example.org,2024-11-22,US,Active
C103906,qreynolds@example.net,2024-04-06,GB,Active
C103907,powellmichelle@example.net,2025-01-02,US,Active
C103908,mark79@example.net,2025-08-24,MX,Active
C103909,paula29@example.com,2024-09-23,US,Active
C103910,rebeccacarroll@example.org,2025-09-20,MX,Active
C103911,tbowen@example.org,2024-04-29,CA,Active
C103912,mcculloughjustin@example.com,2025-02-15,US,Active
C103913,howard19@example.net,2025-06-11,US,Active
C103914,jordanchristine@example.net,2025-11-23,US,Active
C103915,fredericksusan@example.org,2025-03-08,CA,Active
C103916,lrojas@example.net,2024-06-23,US,Active
C103917,trannancy@example.net,2024-06-13,US,Active
C103918,josephwinters@example.net,2024-11-24,MX,Active
C103919,hmorrison@example.org,2024-08-11,DE,Active
C103920,andre99@example.org,2024-07-17,US,Active
C103921,barnettpatricia@example.com,2024-09-29,US,Active
C103922,michaelwilliams@example.org,2025-08-17,CA,Active
C103923,wwalker@example.net,2024-10-07,US,Active
C103924,jessica76@example.com,2026-01-09,US,Active
C103925,mark75@example.com,2024-04-13,DE,Inactive
C103926,butlerbarbara@example.net,2025-11-10,US,Active
C103927,williamschristopher@example.org,2024-06-15,US,Inactive
C103928,sanderschad@example.com,2024-11-11,US,Active
C103929,adouglas@example.com,2025-06-20,GB,Active
C103930,kcurtis@example.org,2025-02-14,GB,Active
C103931,holly29@example.net,2026-02-13,US,Active
C103932,scottdavid@example.org,2025-10-15,US,Inactive
C103933,silvastephanie@example.net,2025-02-10,CA,Active
C103934,waynealvarez@example.com,2026-01-08,US,Active
C103935,lopezmelanie@example.net,2025-02-16,CA,Active
C103936,maryhawkins@example.com,2024-07-06,US,Active
C103937,cgonzalez@example.com,2024-02-14,US,Active
C103938,hollandjeremy@example.org,2024-03-01,US,Active
C103939,robertroberts@example.net,2025-01-14,US,Active
C103940,donald26@example.org,2024-04-21,CA,Active
C103941,michaelallen@example.net,2024-06-05,US,Active
C103942,jamesaguirre@example.org,2025-02-03,US,Inactive
C103943,jennifer98@example.net,2025-07-04,US,Active
C103944,sjames@example.com,2024-03-17,GB,Active
C103945,stephanie33@example.org,2024-04-10,US,Active
C103946,rdrake@example.net,2025-12-09,MX,Active
C103947,patrick31@example.com,2025-07-09,US,Active
C103948,jared19@example.com,2024-07-01,DE,Active
C103949,haasjessica@example.net,2024-08-26,US,Active
C103950,robertbryant@example.org,2024-10-19,CA,Active
C103951,bvaldez@example.org,2024-10-19,DE,Active
C103952,tiffany96@example.com,2024-07-17,GB,Active
C103953,rachelthomas@example.com,2024-02-19,CA,Active
C103954,colleenwilcox@example.org,2025-12-02,US,Inactive
C103955,christine95@example.net,2025-03-06,DE,Active
C100899,curtis61@example.com,2026-01-05,MX,Inactive
C103957,kimevans@example.net,2025-09-07,US,Active
C103958,stephanie84@example.org,2025-04-13,US,Active
C103959,brandon41@example.net,2025-07-07,GB,Active
C103960,timothytorres@example.net,2026-02-02,US,Inactive
C103961,sarawells@example.com,2025-08-31,US,Active
C103962,jenniferanderson@example.org,2025-12-16,US,Active
C103963,jennifer92@example.org,2025-11-14,US,Active
C103964,timothy45@example.org,2024-09-04,US,Inactive
C103965,mary32@example.com,2024-12-01,US,Active
C103966,jacobwatts@example.com,2025-03-12,US,Active
C103967,maldonadodaniel@example.com,2025-04-13,IN,Active
C103968,helen30@example.net,2025-06-27,GB,Active
C103969,castillologan@example.com,2024-02-28,US,Active
C103970,tblackburn@example.com,2024-11-24,US,Inactive
C103971,cherylmosley@example.net,2025-02-02,US,Active
C103972,cindykennedy@example.net,2024-02-12,GB,Active
C103973,jennifer20@example.org,2024-08-21,IN,Active
C103974,robinsonjames@example.org,2025-04-08,CA,Active
C103975,stacybrooks@example.net,2025-08-30,US,Active
C103976,ywilson@example.org,2025-05-24,CA,Active
C103977,josephochoa@example.net,2024-07-29,US,Inactive
C103978,damon07@example.com,2024-10-05,US,Active
C103979,erin19@example.com,2025-09-20,US,Active
C103980,joneselizabeth@example.org,2024-07-07,US,Active
C103981,icardenas@example.com,2024-05-12,US,Active
C103982,griffithluis@example.org,2025-03-16,IN,Active
C103983,robertpatterson@example.org,2024-05-18,US,Active
C103984,lopezbrandon@example.com,2025-05-01,US,Active
C103985,owenkeith@example.com,2025-10-29,US,Inactive
C103986,michael67@example.net,2025-07-15,US,Active
C103987,frymiguel@example.com,2025-12-12,GB,Active
C103988,chad36@example.org,2024-04-25,US,Active
C103989,daviesbrooke@example.com,2024-12-05,US,Inactive
C103990,walterlittle@example.com,2024-08-27,CA,Active
C103991,kgreen@example.net,2025-08-07,DE,Active
C103992,sarah03@example.net,2026-01-03,US,Active
C103993,rangelchristina@example.net,2024-11-19,US,Active
C103994,tcarter@example.net,2024-09-04,US,Active
C103995,michaelbenton@example.org,2026-01-05,US,Active
C103996,youngashley@example.com,2024-12-26,US,Active
C103997,wangbrooke@example.net,2024-02-29,GB,Active
C103998,roblesjennifer@example.com,2025-07-13,US,Active
C103999,kandrews@example.org,2026-02-13,US,Inactive
C104000,nicolenelson@example.com,2024-05-29,US,Active
C104001,alexanderbecker@example.org,2024-12-31,US,Active
C104002,stevenslinda@example.com,2025-07-17,US,Inactive
C104003,robertsrachel@example.com,2025-11-26,CA,Active
C104004,imoss@example.org,2024-04-19,US,Active
C104005,cindyarmstrong@example.net,2025-06-16,US,Active
C104006,wwallace@example.net,2024-06-07,IN,Active
C104007,youngsheryl@example.net,2024-02-04,IN,Active
C104008,gjuarez@example.net,2024-05-08,DE,Active
C104009,joseph95@example.net,2025-02-28,GB,Active
C104010,christopher96@example.org,2025-03-31,US,Inactive
C104011,bryanevans@example.com,2025-02-28,DE,Active
C104917,flemingjason@example.net,2025-12-22,US,Active
C104013,xlambert@example.net,2026-01-06,US,Active
C104014,amandadavenport@example.org,2024-02-15,MX,Active
C104015,campbellmartha@example.org,2025-06-23,CA,Active
C104016,allengreene@example.net,2025-01-13,IN,Active
C104017,ehayes@example.org,2025-01-27,US,Active
C104018,tracy83@example.org,2024-02-05,US,Active
C104019,billy19@example.com,2024-12-26,US,Active
C104020,not-an-email,2024-06-09,GB,Inactive
C104021,jonesdiana@example.org,2025-09-07,US,Active
C104022,vmartinez@example.com,2025-11-09,US,Active
C104023,jeffjones@example.com,2025-05-17,US,Inactive
C104024,ashleydiaz@example.com,2025-12-09,US,Active
C104025,vhernandez@example.net,2025-05-18,IN,Active
C104026,brian50@example.com,2026-02-13,DE,Active
C104027,lisa52@example.org,2025-06-21,CA,Active
C104028,shunt@example.net,2025-08-01,GB,Active
C104029,monicathomas@example.com,2024-11-05,US,Active
C104030,vcurtis@example.net,2025-02-14,IN,Active
C104031,thomas45@example.com,2025-02-13,MX,Active
C104032,uharris@example.org,2025-09-16,US,Active
C104033,leonard97@example.com,2025-05-29,US,Active
C104034,davidcain@example.net,2025-06-04,CA,Inactive
C104035,hwilson@example.com,2024-09-12,US,Inactive
C104036,james64@example.com,2025-05-30,US,Active
C104037,acevedorobert@example.net,2024-12-29,GB,Inactive
C104038,david04@example.net,2026-01-15,DE,Active
C104039,alison95@example.org,2024-04-13,US,Inactive
C104040,anita29@example.org,2024-08-29,DE,Active
C104041,stanley48@example.net,2024-10-11,US,Active
C104042,laura33@example.org,2024-11-02,DE,Active
C104043,ekirk@example.net,2024-02-04,IN,Active
C104044,burnsmatthew@example.net,2024-12-18,US,Active
C104045,jenniferbailey@example.net,2024-02-17,US,Active
C104046,stephen90@example.net,2024-03-29,US,Active
C104135,yyoung@example.org,2024-07-22,US,Inactive
C104048,claytoncheryl@example.org,2024-09-11,US,Active
C104049,audrey86@example.com,2025-11-25,US,Active
C104050,phayes@example.com,2025-11-06,DE,Active
C104051,hwilliams@example.org,2024-08-14,GB,Active
C104052,jenny72@example.com,2024-07-06,US,Active
C104053,wrightsheena@example.org,2025-11-19,DE,Active
C104054,melindastewart@example.com,2024-02-10,US,Active
C104055,johnsontimothy@example.net,2024-07-04,US,Active
C104056,kelli74@example.org,2025-12-06,US,Active
C104057,jake48@example.com,2024-02-15,DE,Active
C104058,andrewstroy@example.org,2025-01-16,US,Active
C104059,nicholasfowler@example.net,2024-04-10,US,Active
C104060,mercadolisa@example.org,2024-10-09,US,Active
C104061,richard98@example.net,2024-05-14,CA,Active
C104062,sarah78@example.net,2024-05-21,US,Active
C104063,frank39@example.net,2025-09-01,IN,Active
C104064,duncanbarbara@example.com,2025-12-30,DE,Active
C104065,joel22@example.com,2024-11-23,US,Inactive
C104066,moyerpaula@example.org,2025-02-05,US,Active
C104067,franklintimothy@example.com,2025-07-24,US,Active
C104068,jenkinsdavid@example.org,2025-06-19,US,Active
C104069,christopherlee@example.com,2025-04-10,CA,Active
C104070,xbennett@example.com,2025-11-01,US,Active
C104071,danielbradley@example.com,2025-08-01,CA,Active
C104072,qpatterson@example.net,2024-04-09,US,Active
C104073,robert82@example.org,2024-04-27,US,Active
C104074,amyjones@example.com,2025-12-27,US,Active
C104075,palmerdeborah@example.com,2026-02-13,US,Active
C104076,not-an-email,2025-12-06,CA,Active
C104077,adamswalter@example.org,2025-08-26,GB,Active
C104078,wendyleonard@example.org,2025-05-24,US,Active
C104079,ytaylor@example.net,2024-04-20,US,Active
C104080,lauraedwards@example.com,2025-03-24,US,Active
C104081,stephaniecampbell@example.com,2025-08-09,US,Active
C104082,pandrade@example.com,2024-02-11,CA,Active
C104083,jeremyponce@example.net,2024-08-25,MX,Active
C104084,darryljames@example.com,2025-03-20,US,Active
C104085,perezanthony@example.net,2024-12-12,GB,Active
C104086,tkim@example.net,2025-09-11,GB,Active
C104087,moraleskaitlyn@example.org,2024-12-26,GB,Active
C104088,tatenathan@example.com,2025-07-16,US,Active
C104089,aburns@example.org,2025-01-07,GB,Active
C104090,cassandragomez@example.com,2025-02-23,US,Active
C104091,nathancain@example.net,2025-06-16,DE,Active
C104092,nashjane@example.com,2026-02-13,US,Active
C104093,tlopez@example.net,2026-01-31,US,Active
C104094,wilkinsjennifer@example.net,2024-09-09,US,Active
C104095,mjennings@example.com,2025-03-20,US,Active
C104096,jodi54@example.com,2025-08-30,US,Inactive
C104097,lcollins@example.com,2024-03-04,IN,Inactive
C104098,qmartinez@example.net,2025-09-02,US,Active
C104099,randallcynthia@example.net,2024-06-10,DE,Active
C104100,allen10@example.org,2024-09-14,US,Inactive
C104101,pbrown@example.net,2025-03-28,IN,Active
C104102,robinsonerin@example.org,2025-10-06,US,Active
C104103,qbullock@example.net,2025-09-03,US,Active
C104104,brucemelton@example.org,2024-12-09,GB,Active
C104105,chris53@example.com,2025-07-11,DE,Active
C104106,pamwilkinson@example.org,2025-06-26,US,Active
C104107,maykatelyn@example.com,2024-09-14,GB,Active
C104108,yhooper@example.org,2024-05-12,US,Inactive
C104109,stacy55@example.org,2025-05-14,DE,Active
C104110,gregory89@example.org,2025-06-07,IN,Active
C104111,jenniferwhite@example.org,2024-10-02,DE,Inactive
C104112,huntergreene@example.org,2024-06-18,US,Active
C104113,kenneth69@example.com,2024-06-17,GB,Active
C104114,aporter@example.com,2024-09-13,US,Active
C104115,kari14@example.net,2024-12-13,GB,Active
C104116,brownbrittany@example.com,2025-06-03,CA,Inactive
C104117,dcollins@example.net,2025-09-21,CA,Active
C104118,downskelsey@example.net,2024-08-01,US,Inactive
C104119,ohernandez@example.com,2024-12-20,US,Active
C104120,jroberts@example.org,2025-04-20,GB,Active
C104121,larsonkrista@example.net,2024-03-17,US,Active
C104122,lloydleslie@example.org,2024-02-23,IN,Active
C104123,andrew09@example.net,2024-04-02,US,Active
C104124,carlosriley@example.net,2025-10-15,IN,Active
C104125,slopez@example.org,2025-11-21,US,Active
C104126,rmoore@example.net,2025-09-15,CA,Active
C104127,mwallace@example.org,2025-02-18,US,Active
C104128,jennifer43@example.org,2024-02-06,US,Inactive
C104129,josephrussell@example.com,2025-08-11,DE,Active
C104130,fdominguez@example.com,2024-11-13,US,Active
C104131,torresmichael@example.com,2026-02-13,CA,Inactive
C104132,rgilbert@example.org,2025-12-14,US,Active
C104133,michael12@example.net,2024-12-27,IN,Active
C104134,uburns@example.org,2025-08-20,IN,Active
C104135,athompson@example.org,2026-01-12,US,Active
C104136,charlesrose@example.org,2025-10-07,US,Active
C104137,alexis16@example.com,2024-12-27,US,Active
C104138,sarah13@example.com,2024-08-14,GB,Active
C104139,rlewis@example.org,2025-03-06,US,Active
C104140,michele27@example.com,2025-06-14,MX,Active
C104141,not-an-email,2024-12-16,US,Active
C104142,rhernandez@example.org,2025-09-26,MX,Active
C104143,laurenmoore@example.org,2025-08-15,GB,Active
C104144,simpsonbrianna@example.org,2024-07-13,US,Inactive
C104145,barbarapratt@example.net,2025-05-16,US,Active
C104146,,2024-07-24,US,Active
C104147,barbara60@example.com,2025-11-14,CA,Active
C104148,zramirez@example.com,2025-08-23,US,Active
C104149,hberry@example.com,2025-01-03,CA,Active
C104150,brandonford@example.com,2025-06-15,DE,Active
C104151,arnoldchristian@example.org,2024-03-23,CA,Active
C104152,dellison@example.org,2024-09-16,US,Active
C104153,lanedawn@example.net,2025-02-22,IN,Active
C104154,johnromero@example.org,2025-06-16,CA,Active
C104155,garzalisa@example.org,2025-04-11,US,Active
C104156,huntpatrick@example.com,2024-12-21,IN,Active
C104157,jonesrandy@example.org,2025-03-31,US,Active
C104158,ortizroy@example.com,2025-12-11,CA,Active
C104159,patrick90@example.net,2024-05-08,GB,Active
C104160,veronica52@example.net,2024-06-29,CA,Active
C104161,kross@example.com,2025-08-07,US,Active
C104162,mcconnellmaria@example.com,2025-02-07,US,Active
C104163,lambertthomas@example.com,2025-04-21,US,Active
C104164,nharmon@example.org,2026-01-08,US,Active
C104165,tfoster@example.com,2026-01-11,US,Active
C104166,stoutkaren@example.com,2024-06-08,US,Active
C104167,fbailey@example.org,2024-12-20,US,Active
C104168,robinsonjonathan@example.com,2025-01-23,US,Active
C104169,joshua55@example.org,2024-09-08,XX,Active
C104170,anelson@example.org,2024-02-07,US,Active
C104171,dwaters@example.com,2025-02-22,US,Inactive
C104172,jessicanorman@example.net,2026-01-30,IN,Active
C104173,jacksonheather@example.org,2024-03-15,US,Inactive
C104174,glee@example.net,2024-09-13,CA,Active
C104175,longmichelle@example.net,2025-06-24,DE,Active
C104176,lauralam@example.com,2024-03-01,US,Active
C104177,virginia87@example.org,2025-02-25,DE,Active
C104178,rhonda88@example.org,2025-01-16,US,Active
C104179,,2025-03-19,US,Active
C104180,melissawest@example.com,2025-08-26,US,Active
C104181,yvelasquez@example.org,2025-12-14,MX,Active
C104182,hancockleslie@example.com,2026-01-13,GB,Active
C104183,phillipsmelvin@example.com,2025-02-05,US,Active
C104184,pricecheryl@example.com,2025-10-25,US,Active
C104185,sjohnson@example.net,2025-09-04,CA,Active
C104186,brittanyjohnson@example.org,2024-07-25,DE,Active
C104187,erica99@example.org,2025-11-20,US,Active
C104188,emilythompson@example.com,2024-03-24,US,Inactive
C104189,craig08@example.net,2024-06-14,US,Active
C104190,dklein@example.net,2026-01-14,CA,Active
C104191,masonjoseph@example.net,2026-02-13,US,Active
C104192,carrie65@example.org,2025-05-12,IN,Active
C104193,martinezrebecca@example.net,2026-01-17,US,Inactive
C104194,robertslisa@example.com,2024-08-07,US,Inactive
C104195,abigailrivera@example.net,2025-08-27,US,Active
C104196,hooverrichard@example.com,2025-10-29,MX,Active
C104197,,2024-06-15,US,Active
C104198,penajacob@example.org,2024-10-28,CA,Active
C104199,robertweber@example.com,2025-02-14,CA,Active
C104200,valdezelizabeth@example.net,2025-08-08,US,Active
C104201,cochrancaitlin@example.net,2024-03-03,GB,Active
C104202,brownbethany@example.com,2025-03-10,US,Inactive
C104203,carriecollins@example.net,2025-01-09,US,Active
C104204,vincentmitchell@example.org,2024-06-08,CA,Inactive
C104205,lisalong@example.com,2024-09-01,GB,Active
C104206,rowekevin@example.net,2025-11-26,US,Inactive
C104207,vanessa19@example.net,2024-09-29,IN,Active
C104208,vburns@example.org,2024-12-16,US,Active
C104209,barbara30@example.com,2024-05-11,US,Active
C104210,rodriguezvictoria@example.org,2026-02-13,GB,Active
C104211,robert66@example.com,2026-01-07,MX,Active
C104212,cody24@example.net,2024-10-15,US,Inactive
C104213,qmorris@example.com,2025-02-18,US,Active
C104214,victorwhite@example.org,2025-12-10,GB,Active
C104215,cadams@example.org,2025-09-22,CA,Active
C104216,nanderson@example.org,2025-10-10,CA,Active
C104217,joshuachapman@example.net,2025-06-12,US,Inactive
C104218,pamela20@example.net,2025-12-09,US,Active
C104219,shepherdmelanie@example.com,2025-04-02,US,Active
C104220,qhunt@example.org,2025-12-05,DE,Active
C104221,whitedaniel@example.net,2024-12-27,US,Active
C104222,tburke@example.com,2024-10-06,US,Active
C104223,smithkevin@example.net,2024-08-23,US,Active
C104224,stevenbuchanan@example.net,2024-12-14,US,Inactive
C104225,dunlapsarah@example.com,2025-01-06,US,Active
C104226,glowery@example.com,2025-03-25,US,Active
C104227,trujillojillian@example.com,2025-03-15,GB,Active
C104228,scott47@example.org,2025-06-12,US,Active
C104229,xharper@example.org,2024-07-16,US,Active
C104230,paguilar@example.net,2025-08-23,US,Active
C104231,laurahogan@example.net,2024-08-08,CA,Inactive
C104232,alyssabrooks@example.org,2025-06-17,US,Active
C104233,kyleellis@example.org,2025-04-21,DE,Active
C104234,palmerdavid@example.net,2024-03-21,US,Active
C104235,emilygardner@example.net,2024-03-23,US,Active
C104236,michaeldorsey@example.net,2025-01-01,US,Inactive
C104237,pmartin@example.org,2024-07-15,GB,Inactive
C104238,yolanda50@example.com,2025-07-21,GB,Active
C104239,virginia20@example.net,2025-06-04,US,Inactive
C104240,jbrown@example.org,2024-04-30,IN,Active
C104241,maryellis@example.net,2025-04-12,US,Inactive
C104242,richard60@example.com,2024-07-02,US,Active
C104243,jamiehoward@example.net,2024-03-08,US,Active
C104244,fhood@example.org,2024-11-06,IN,Active
C104245,bowerssherry@example.net,2025-11-28,US,Inactive
C104246,jonathan12@example.com,2025-01-23,CA,Active
C104247,tracycooper@example.org,2024-06-09,US,Active
C104248,brandon99@example.org,2025-06-16,DE,Active
C104249,dosborne@example.net,2025-05-02,US,Inactive
C104250,johnsontracey@example.com,2024-06-03,CA,Active
C104251,chadmiller@example.org,2024-12-21,IN,Inactive
C104252,jeffrey52@example.org,2024-03-28,US,Active
C104253,erinsmith@example.org,2025-07-13,DE,Active
C104254,dukelauren@example.com,2025-06-27,IN,Active
C104255,brett69@example.com,2024-06-21,US,Active
C104256,uhernandez@example.net,2024-09-25,US,Active
C102421,thomasthompson@example.net,2025-02-11,US,Active
C104258,susan58@example.net,2025-07-16,US,Active
C104259,jerry90@example.com,2025-10-27,MX,Active
C104260,melissawhite@example.com,2024-08-17,US,Active
C104261,courtney31@example.net,2025-04-23,GB,Inactive
C104262,shawn13@example.net,2024-05-10,GB,Active
C104263,jacqueline91@example.com,2025-12-28,US,Active
C104264,heather37@example.net,2025-05-03,US,Active
C104265,vwoods@example.com,2025-09-07,GB,Active
C104266,michael67@example.com,2024-06-26,GB,Inactive
C104267,youngrobert@example.net,2024-06-20,US,Active
C104268,michaelcummings@example.com,2025-03-29,US,Active
C104269,wellstheresa@example.org,2025-06-09,DE,Active
C104270,qhess@example.net,2025-02-02,DE,Active
C104271,dmedina@example.com,2025-03-20,DE,Inactive
C104272,patrickturner@example.org,2025-02-25,US,Inactive
C104273,beckerandrea@example.net,2025-07-23,US,Active
C104274,pattersonronald@example.net,2025-11-03,US,Active
C104275,croberts@example.net,2025-05-01,US,Active
C104276,williamwilson@example.net,2024-04-25,DE,Active
C104277,joshuamoore@example.com,2024-02-09,US,Active
C104278,samuel01@example.net,2025-08-14,MX,Active
C104279,antoniolewis@example.org,2024-02-12,IN,Active
C104280,rachel61@example.org,2025-03-19,CA,Active
C104281,joyce82@example.net,2024-06-25,US,Active
C104282,afarmer@example.org,2025-10-01,US,Active
C104283,,2025-06-23,US,Active
C104284,robert22@example.net,2024-09-07,US,Active
C104285,leslie12@example.net,2024-02-07,US,Active
C104286,mitchelldaniel@example.net,2024-06-09,US,Inactive
C104287,,2025-06-01,GB,Active
C104288,erichardson@example.net,2026-02-01,GB,Inactive
C104289,emiller@example.com,2025-01-19,US,Active
C104290,qjohnson@example.net,2025-02-17,IN,Active
C104291,hectoradams@example.com,2025-01-17,US,Active
C104292,kingcory@example.net,2025-01-07,GB,Active
C104293,colewanda@example.net,2025-05-08,GB,Active
C104294,jharris@example.net,2025-12-21,DE,Active
C104295,whitneyriley@example.com,2026-01-23,US,Active
C104296,sloanlisa@example.org,2025-02-15,US,Active
C104297,derekgarrett@example.com,2024-03-06,US,Active
C104298,leslielang@example.org,2024-09-19,US,Active
C104299,stephaniehernandez@example.com,2025-02-13,DE,Active
C104300,mortonlauren@example.net,2025-01-09,IN,Inactive
C104301,tjarvis@example.com,2025-04-21,MX,Active
C104302,lauraroberson@example.com,2024-06-18,DE,Active
C104303,tylerbarrett@example.net,2024-04-28,US,Active
C104304,david32@example.org,2024-09-05,DE,Active
C104305,qmccoy@example.org,2024-07-15,US,Active
C104306,andrea48@example.net,2024-02-28,CA,Active
C104307,knoxtodd@example.com,2024-03-30,DE,Active
C104308,kelsey40@example.org,2024-10-05,GB,Active
C104309,wlane@example.net,2025-10-16,CA,Active
C104310,emilydavis@example.net,2025-01-08,US,Inactive
C104311,ale@example.com,2025-02-11,GB,Active
C104312,choward@example.org,2025-10-29,US,Active
C104313,thomas47@example.com,2024-02-09,DE,Active
C104314,jlopez@example.com,2025-12-19,IN,Active
C104315,james93@example.org,2024-10-31,US,Active
C104316,claytonanthony@example.net,2025-03-18,IN,Inactive
C104317,emilyphelps@example.com,2024-03-16,US,Active
C104318,sheilanelson@example.com,2026-02-13,US,Active
C104319,scottdennis@example.org,2025-02-22,US,Active
C104320,tjohnston@example.net,2025-04-05,US,Inactive
C104321,evansshelly@example.com,2025-05-31,CA,Active
C104322,jonesjoseph@example.org,2024-11-13,GB,Active
C104323,hollymitchell@example.net,2025-05-06,GB,Active
C104324,dorothyhansen@example.com,2024-03-27,US,Active
C104325,halevicki@example.com,2026-01-16,US,Active
C104326,jefferyjones@example.com,2026-01-02,US,Active
C104327,leah02@example.net,2024-06-29,MX,Active
C104328,andradejulie@example.com,2025-05-22,CA,Active
C104329,wilsongregory@example.com,2024-03-08,US,Active
C104330,susanvega@example.org,2025-08-11,MX,Active
C104331,gregory16@example.net,2024-04-06,US,Active
C104332,jasonbrown@example.com,2024-04-01,US,Active
C104333,xdecker@example.net,2024-08-06,CA,Active
C104334,richardssamantha@example.org,2025-08-22,DE,Active
C104335,diane49@example.net,2025-04-22,GB,Active
C104336,kendraalexander@example.net,2025-11-25,GB,Active
C104337,slevine@example.org,2024-07-24,US,Active
C104338,shellygriffin@example.org,2024-12-30,GB,Inactive
C104339,collinssharon@example.net,2024-07-14,CA,Active
C104340,christopher03@example.org,2024-08-21,MX,Active
C104341,armstrongalexander@example.net,2025-02-27,GB,Active
C104342,richardsparks@example.net,2024-11-15,US,Active
C104343,fergusoncassie@example.org,2025-07-08,US,Active
C101151,srojas@example.com,2024-08-17,MX,Inactive
C104345,nathansmith@example.net,2025-03-07,US,Active
C104346,chriswyatt@example.org,2024-12-31,US,Inactive
C104347,travisjennifer@example.net,2024-07-25,US,Active
C104348,ulogan@example.org,2026-02-13,US,Active
C104349,mitchellheather@example.net,2025-12-22,DE,Active
C104350,michaelcook@example.net,2024-04-21,DE,Inactive
C104351,nberry@example.org,2025-11-11,US,Active
C104352,stephen26@example.net,2024-07-20,US,Active
C101388,danielsmith@example.com,2025-07-15,US,Inactive
C104354,jacksonwendy@example.org,2024-09-04,US,Active
C101522,tracysmith@example.net,2025-08-26,US,Active
C104356,sandra42@example.com,2026-01-05,US,Active
C104357,igonzales@example.com,2025-12-12,US,Active
C104358,michaelstacey@example.org,2024-06-01,US,Active
C104359,scottamy@example.org,2024-07-13,MX,Active
C104360,barrettricardo@example.org,2024-03-23,DE,Inactive
C104361,richardmiller@example.net,2024-08-14,CA,Active
C104362,christopher94@example.net,2025-07-06,MX,Inactive
C104363,john25@example.org,2024-05-01,US,Active
C104364,angelicaday@example.net,2026-01-07,DE,Active
C104365,melissa65@example.org,2024-08-02,MX,Active
C104366,hgarcia@example.net,2025-02-22,US,Active
C104367,jesse19@example.org,2025-04-30,CA,Inactive
C104368,troylarson@example.net,2024-06-16,DE,Active
C104369,ubeasley@example.com,2024-05-16,GB,Active
C104370,nicolefuller@example.org,2024-08-10,US,Active
C104371,theresahunt@example.com,2025-11-20,GB,Active
C104372,jenniferjones@example.org,2024-05-04,US,Inactive
C104373,ihenson@example.com,2024-04-19,IN,Active
C104374,scott90@example.org,2025-05-30,US,Inactive
C104375,cookjasmine@example.org,2024-08-31,IN,Active
C102044,vicki98@example.net,2026-01-04,US,Active
C104377,davidpayne@example.com,2026-02-13,IN,Active
C104378,not-an-email,2024-11-10,GB,Inactive
C104379,howardpatrick@example.com,2025-10-31,IN,Active
C104380,jenniferrocha@example.org,2026-01-11,US,Inactive
C104381,brittany04@example.net,2024-10-09,US,Inactive
C104382,scottdavid@example.com,2024-07-12,MX,Active
C104383,angela35@example.net,2025-06-26,US,Inactive
C104384,bwilliams@example.org,2024-05-10,CA,Active
C104385,youngkathy@example.com,2024-02-19,DE,Inactive
C104386,johnrivera@example.org,2025-03-12,US,Active
C104387,cjohnson@example.com,2026-02-13,US,Active
C104388,not-an-email,2024-08-26,US,Active
C104389,nicole68@example.org,2024-03-25,US,Active
C104390,kennedysarah@example.net,2024-10-07,US,Active
C104391,holly91@example.com,2025-11-18,US,Inactive
C104392,william98@example.net,2024-07-15,US,Inactive
C104393,randy02@example.com,2025-03-09,GB,Active
C104394,nicholaswilliams@example.org,2025-04-23,US,Active
C104395,michelle40@example.net,2024-03-04,US,Active
C104396,iweeks@example.org,2025-09-30,US,Inactive
C104397,scott13@example.net,2024-06-16,US,Inactive
C104398,dfarmer@example.org,2025-09-11,IN,Active
C104399,andersonangela@example.net,2024-10-06,DE,Active
C104400,chunt@example.org,2024-05-01,US,Inactive
C104401,jesusreyes@example.org,2025-04-26,DE,Active
C100978,ashleysingh@example.com,2025-03-22,US,Inactive
C104403,smithlisa@example.org,2024-07-24,US,Active
C104404,kevinjohnson@example.net,2025-03-26,US,Active
C104405,olsonbrian@example.net,2025-03-31,IN,Inactive
C104406,johnortiz@example.org,2024-12-14,GB,Active
C104407,,2025-05-25,US,Active
C104408,emily31@example.net,2025-07-10,US,Inactive
C104409,murrayjeremy@example.com,2024-07-21,US,Inactive
C104410,james41@example.com,2024-11-05,US,Inactive
C104411,cheryl08@example.com,2024-08-09,US,Active
C104412,sandra80@example.org,2025-11-29,CA,Active
C104413,timothyjones@example.org,2025-01-17,US,Active
C104414,carolmitchell@example.org,2026-01-07,US,Active
C104415,joshuacollins@example.org,2025-03-17,DE,Active
C104416,kristinmartin@example.net,2025-09-13,US,Active
C104417,paguilar@example.com,2025-06-07,US,Inactive
C104418,garzamichael@example.net,2024-05-11,US,Active
C104419,lopezmichael@example.org,2025-12-04,US,Active
C104420,meghan14@example.com,2025-07-27,IN,Active
C104421,nicholas19@example.org,2024-03-10,CA,Active
C104422,denisemiddleton@example.org,2024-12-02,US,Active
C104423,sheahannah@example.net,2024-03-13,DE,Active
C104424,uhenry@example.org,2024-10-13,US,Active
C104425,mdorsey@example.org,2025-08-08,US,Inactive
C104426,rileydominique@example.com,2026-01-07,US,Inactive
C104427,justinsmall@example.com,2024-12-10,US,Active
C104428,knightamy@example.com,2024-09-21,US,Active
C104429,ymonroe@example.net,2024-06-26,MX,Active
C104430,atkinsroy@example.net,2025-05-28,GB,Active
C104431,jennifer83@example.com,2025-11-08,GB,Active
C104432,ohoffman@example.net,2026-02-01,DE,Active
C104433,phelpstiffany@example.net,2025-06-06,US,Active
C104434,towens@example.org,2025-03-13,XX,Active
C104435,michelle20@example.net,2025-12-09,US,Active
C104436,bthompson@example.net,2025-09-21,US,Active
C104437,jessica72@example.org,2025-07-16,US,Active
C104438,mercadoian@example.com,2025-10-22,CA,Inactive
C104439,hrichards@example.org,2024-07-10,GB,Active
C104440,brewerdavid@example.org,2024-06-09,US,Active
C104441,allengrant@example.net,2024-04-13,US,Active
C104442,thomasholmes@example.net,2024-11-11,US,Active
C104443,richard12@example.com,2024-05-12,US,Active
C104444,omoore@example.net,2025-02-01,US,Active
C104445,chaseshannon@example.com,2025-05-13,CA,Active
C104446,alyssajones@example.org,2025-11-22,US,Inactive
C104447,sharonsmith@example.com,2025-01-28,US,Active
C104448,robert18@example.net,2024-09-21,US,Active
C104449,rothjames@example.net,2025-12-21,US,Active
C104450,awilliams@example.net,2024-07-28,IN,Active
C104451,dking@example.net,2024-07-20,DE,Inactive
C104452,scottruth@example.org,2025-12-13,XX,Active
C104453,james04@example.net,2025-08-19,US,Active
C104454,nathanielrose@example.net,2024-09-29,US,Active
C104455,jboyd@example.com,2024-12-06,US,Active
C104456,flynncharlene@example.com,2025-06-16,US,Active
C104457,lance85@example.org,2025-05-23,US,Active
C104458,josecarter@example.org,2024-05-16,GB,Active
C104459,smithemma@example.net,2024-02-14,IN,Inactive
C104460,megan38@example.com,2024-03-01,US,Active
C104461,hannahdixon@example.net,2025-08-14,GB,Active
C104462,westcatherine@example.org,2024-06-20,IN,Active
C104463,katherine21@example.com,2025-10-09,US,Inactive
C104464,jsmith@example.net,2025-04-08,GB,Active
C104465,lambertjack@example.org,2025-06-03,GB,Active
C104466,gbrooks@example.net,2024-03-27,IN,Active
C104467,jparks@example.net,2024-10-06,US,Active
C104468,jdaniel@example.org,2025-02-08,IN,Active
C104469,adam52@example.com,2024-06-24,US,Active
C104470,diana41@example.net,2024-07-19,DE,Active
C104471,not-an-email,2024-09-24,IN,Active
C104472,khannathan@example.org,2024-11-20,US,Active
C104473,gclarke@example.org,2024-02-12,US,Active
C104474,bjohnson@example.net,2024-11-28,CA,Active
C104475,tiffanywatts@example.net,2024-05-26,US,Active
C104476,gonzalezdeborah@example.net,2025-04-24,US,Active
C104477,sdawson@example.org,2025-11-12,US,Active
C104478,grahamwilliam@example.net,2025-07-24,US,Active
C104479,rkim@example.net,2024-12-09,US,Active
C104480,emma95@example.com,2024-06-01,XX,Active
C104481,kelsey00@example.net,2024-08-05,GB,Active
C104482,rkeller@example.com,2025-04-28,US,Active
C104483,ellismatthew@example.org,2025-12-19,DE,Active
C104484,cisnerosdanielle@example.org,2024-04-11,US,Active
C104485,nnichols@example.org,2025-02-20,CA,Active
C104486,wardkatherine@example.com,2024-11-01,US,Active
C104487,hughesjennifer@example.org,2024-10-07,US,Active
C104488,froth@example.org,2024-08-03,MX,Active
C104489,tcollins@example.net,2024-08-02,IN,Active
C104490,courtneyanderson@example.net,2024-03-20,DE,Active
C104491,rubiomary@example.com,2024-06-18,US,Active
C104492,turnerjennifer@example.org,2025-04-10,GB,Active
C104493,fyates@example.org,2024-04-27,US,Active
C104494,,2025-09-04,CA,Active
C104495,jamie47@example.org,2024-05-26,US,Active
C104496,gregoryevans@example.com,2025-01-07,US,Active
C104497,jeremylewis@example.com,2025-03-29,GB,Active
C104498,hernandezkimberly@example.com,2025-01-06,US,Active
C104499,qjensen@example.org,2025-09-09,US,Active
C104500,alexis51@example.org,2024-03-12,US,Active
C104501,nfreeman@example.net,2025-07-10,DE,Active
C104502,gtorres@example.net,2025-03-19,US,Active
C104503,michael30@example.com,2024-10-23,CA,Active
C104504,bpineda@example.com,2024-05-14,US,Active
C104505,ericdillon@example.net,2024-09-26,US,Inactive
C104506,xnolan@example.org,2026-02-13,US,Active
C104507,jessica04@example.com,2025-11-21,US,Active
C104508,dmcdaniel@example.org,2024-10-18,US,Active
C104509,torresjeffrey@example.com,2025-08-07,CA,Active
C104510,fjohnson@example.org,2024-04-11,US,Inactive
C104511,ernest25@example.org,2025-08-15,IN,Inactive
C104512,ppierce@example.com,2024-08-30,US,Active
C104513,rojasshelby@example.net,2024-09-05,US,Active
C104514,johnsonnathan@example.org,2025-10-05,CA,Active
C104515,aking@example.com,2025-02-18,GB,Inactive
C104516,john01@example.net,2025-10-16,GB,Active
C104517,dwayneramos@example.com,2024-07-25,IN,Inactive
C104518,pecklisa@example.net,2025-02-03,DE,Active
C104519,suarezlauren@example.net,2024-08-05,US,Inactive
C104520,thomaseric@example.net,2025-03-31,US,Active
C104521,kevin58@example.com,2026-01-13,CA,Active
C104522,simmonscatherine@example.org,2024-11-24,US,Active
C104523,mnavarro@example.net,2025-12-16,US,Active
C104524,lopezvanessa@example.org,2024-07-15,MX,Active
C104525,catherinejackson@example.org,2025-05-19,US,Active
C104526,angela70@example.com,2024-10-17,DE,Active
C104527,nguyenmisty@example.net,2024-06-21,MX,Active
C104528,katelyn31@example.org,2024-10-09,DE,Inactive
C104529,weeksrobert@example.org,2025-12-08,IN,Active
C104530,briankerr@example.net,2025-04-22,US,Active
C104531,vwolf@example.com,2025-03-24,US,Active
C104532,tylergentry@example.net,2024-03-01,US,Active
C104533,amandalewis@example.org,2025-01-15,US,Active
C104534,barbara98@example.org,2025-04-26,US,Active
C104535,smithjulie@example.org,2025-09-29,GB,Active
C104536,miguel10@example.org,2025-02-15,US,Inactive
C104537,michaellewis@example.com,2024-04-10,US,Active
C104538,fuentesmark@example.org,2024-03-14,US,Active
C104539,joseph63@example.com,2025-07-24,US,Inactive
C104540,hawkinsdaniel@example.com,2024-05-29,US,Active
C104541,iking@example.net,2025-11-01,US,Inactive
C104542,mthornton@example.org,2025-09-28,US,Active
C104543,fhawkins@example.org,2025-06-13,US,Active
C104544,mcclainkyle@example.com,2025-12-08,CA,Active
C104545,davisjason@example.com,2024-07-12,US,Active
C104546,not-an-email,2024-06-07,IN,Active
C104547,edward64@example.net,2025-09-21,DE,Active
C104548,rpowell@example.com,2024-03-23,CA,Active
C104549,,2024-09-29,US,Active
C104550,ashleyerin@example.net,2025-05-22,US,Active
C104551,smithantonio@example.org,2025-08-28,US,Active
C104552,samanthabarrera@example.com,2024-08-05,US,Active
C104553,freysarah@example.org,2025-08-14,US,Active
C104554,brianna24@example.org,2024-10-07,US,Inactive
C104555,wbaker@example.org,2025-02-20,DE,Active
C104556,gibsontanner@example.org,2025-06-14,US,Inactive
C104557,kevinlin@example.com,2026-01-02,CA,Active
C104558,zfranklin@example.org,2025-08-30,US,Active
C104559,fdoyle@example.net,2025-12-15,MX,Active
C104560,jorgehensley@example.com,2024-12-03,US,Active
C104561,fhumphrey@example.net,2024-03-07,US,Active
C104562,michaelmaldonado@example.com,2024-05-27,CA,Inactive
C104563,myerschristopher@example.org,2024-07-27,GB,Active
C104564,catherineharris@example.org,2025-08-03,DE,Inactive
C104565,hrobertson@example.com,2026-01-24,US,Active
C104566,fwelch@example.net,2025-07-14,US,Active
C104567,atkinsonnicholas@example.net,2024-10-22,DE,Active
C104568,cesar06@example.net,2025-06-23,US,Inactive
C104569,lowerebekah@example.com,2025-04-18,US,Active
C104570,elliottnathan@example.com,2024-05-10,DE,Active
C104571,kentaudrey@example.org,2025-06-05,US,Active
C104572,yscott@example.com,2025-03-04,GB,Active
C104573,williamwilson@example.net,2024-10-02,US,Active
C104574,lorirobinson@example.org,2024-09-25,US,Active
C104575,,2025-01-29,GB,Active
C104576,jsteele@example.com,2024-02-23,MX,Active
C104577,robertsondeanna@example.org,2024-10-10,IN,Active
C104578,dhernandez@example.com,2025-10-06,US,Active
C104579,djones@example.net,2024-10-19,US,Active
C104580,chloebradley@example.com,2024-02-20,DE,Active
C104581,,2024-04-17,US,Active
C104582,jessicaholland@example.com,2025-01-28,US,Inactive
C104583,jessicaortiz@example.com,2024-03-11,US,Active
C104584,yhammond@example.com,2025-07-23,DE,Active
C104585,laurawaters@example.net,2024-09-21,US,Active
C104586,aaron35@example.net,2024-11-21,US,Active
C104587,pamelagordon@example.net,2024-11-08,US,Inactive
C104588,not-an-email,2024-02-22,GB,Active
C104589,megan57@example.org,2025-03-15,CA,Active
C104590,leahpark@example.com,2025-05-04,MX,Active
C104591,patrickscott@example.org,2025-08-19,IN,Inactive
C104592,not-an-email,2025-02-17,US,Active
C104593,charles49@example.com,2025-11-14,US,Active
C104594,navarrojessica@example.org,2024-04-20,US,Active
C104595,qflores@example.org,2025-10-13,US,Inactive
C104596,cynthia06@example.com,2024-10-26,US,Active
C104597,coxcharlotte@example.org,2025-08-17,US,Active
C104598,kjones@example.org,2025-02-16,CA,Inactive
C104599,taylorkristina@example.org,2024-07-18,US,Active
C104600,timothy19@example.org,2024-09-11,DE,Active
C104601,,2025-09-29,IN,Active
C104602,angela53@example.org,2024-08-20,US,Active
C104603,robertsashlee@example.net,2025-06-15,IN,Active
C104604,stephanieberry@example.org,2024-10-18,XX,Active
C104605,david83@example.net,2024-04-13,US,Inactive
C104606,timothywall@example.com,2024-11-25,US,Inactive
C104607,davidfletcher@example.com,2024-02-21,US,Active
C104608,megan00@example.org,2025-09-03,GB,Active
C104609,pughaaron@example.org,2025-02-20,US,Active
C104610,harrisdanielle@example.net,2025-03-31,GB,Active
C104611,ctate@example.net,2024-08-15,US,Active
C104612,christopherhuber@example.org,2024-07-29,GB,Active
C104613,kware@example.com,2025-12-01,US,Active
C104614,dawn56@example.net,2025-10-10,DE,Active
C104615,deanmaureen@example.net,2025-08-31,CA,Active
C104616,gmckinney@example.net,2025-06-25,US,Active
C104617,johnny25@example.net,2024-11-10,DE,Active
C104618,erinmeadows@example.com,2024-05-11,US,Active
C104619,robert97@example.org,2025-05-16,US,Inactive
C104620,theresajohnson@example.org,2024-12-14,GB,Active
C104621,deborah44@example.net,2024-09-08,US,Active
C104622,fadams@example.com,2025-10-15,US,Active
C104623,lopezcurtis@example.net,2025-06-23,US,Active
C104624,loganjohnson@example.net,2024-12-15,US,Active
C104625,ndonaldson@example.net,2024-07-15,IN,Active
C104626,rodriguezashlee@example.net,2025-10-03,IN,Active
C104627,sanfordamy@example.org,2025-10-02,US,Active
C104628,mary72@example.org,2024-03-25,MX,Active
C104629,rcarroll@example.com,2024-08-14,GB,Active
C104630,lewisjohn@example.org,2025-01-30,US,Inactive
C104631,,2024-06-03,GB,Active
C104632,rlane@example.org,2026-01-13,US,Active
C104633,sanchezshawn@example.com,2025-08-30,US,Inactive
C104634,caguilar@example.net,2024-12-08,MX,Active
C104635,brian54@example.org,2025-11-22,US,Active
C104636,csanchez@example.net,2024-08-22,GB,Active
C104637,victorwilliams@example.org,2024-05-31,US,Active
C104638,ocurtis@example.org,2025-10-15,IN,Active
C104639,not-an-email,2025-09-01,CA,Active
C104640,lortiz@example.com,2024-04-18,US,Active
C104641,williamwest@example.org,2025-05-29,US,Active
C104642,valerie19@example.com,2024-04-02,GB,Inactive
C104643,vthompson@example.org,2025-01-10,XX,Active
C104644,bryanhunter@example.net,2024-05-20,US,Active
C104645,not-an-email,2025-11-18,US,Active
C104646,tevans@example.org,2025-08-31,MX,Active
C104647,annhouse@example.org,2024-06-24,US,Inactive
C104648,obriencaitlyn@example.org,2024-09-11,US,Active
C104649,jerry83@example.net,2025-04-15,US,Active
C104650,coryking@example.org,2025-06-12,US,Active
C103874,carrpaula@example.org,2025-07-24,GB,Active
C104652,kim64@example.com,2025-02-10,IN,Inactive
C104653,wcastaneda@example.com,2024-11-05,US,Active
C104654,smithjohn@example.com,2025-07-19,CA,Active
C104655,michaellambert@example.com,2024-07-02,CA,Active
C104656,robertcooper@example.org,2024-06-15,US,Active
C104657,medwards@example.com,2025-03-31,US,Active
C104658,garciamathew@example.com,2024-12-08,CA,Active
C104659,tony78@example.net,2024-06-30,US,Active
C104660,scottroth@example.com,2025-04-16,US,Inactive
C104661,davisdaniel@example.com,2025-11-13,US,Active
C104662,roberto38@example.org,2025-08-20,US,Active
C104663,markbailey@example.net,2025-08-10,GB,Inactive
C104664,howardtrevor@example.net,2025-05-27,US,Active
C104665,,2025-01-16,CA,Active
C104666,ywilliams@example.com,2024-12-22,GB,Active
C104667,cynthia38@example.org,2025-02-07,US,Inactive
C104668,nolandaniel@example.com,2024-07-10,US,Active
C104669,hbell@example.com,2025-12-18,US,Inactive
C104670,woodardmatthew@example.org,2024-11-25,IN,Active
C104671,jessica57@example.org,2024-10-10,US,Active
C104672,blankenshiplisa@example.org,2025-10-10,CA,Active
C104673,not-an-email,2025-06-10,GB,Active
C104674,timothyellis@example.org,2024-07-01,US,Active
C104675,michaelleonard@example.org,2025-02-19,GB,Active
C104676,olawson@example.net,2025-10-13,DE,Active
C104677,cwhite@example.com,2026-02-01,GB,Active
C104678,,2024-11-14,US,Active
C104679,kelly40@example.org,2025-07-18,US,Active
C104680,arnoldjessica@example.net,2024-12-11,US,Active
C104681,john22@example.com,2024-04-07,US,Active
C104682,ericasimmons@example.net,2025-04-27,US,Active
C104683,millsmark@example.org,2025-10-17,US,Active
C104684,bbrown@example.org,2025-10-30,CA,Inactive
C104685,megandean@example.org,2024-03-11,US,Active
C104686,kvaughn@example.org,2024-04-13,US,Active
C104687,tony95@example.org,2025-08-06,US,Active
C104688,emily85@example.com,2024-03-13,GB,Active
C104689,john19@example.net,2025-02-02,US,Inactive
C104690,torresandrew@example.com,2025-10-21,US,Active
C104691,levyjacob@example.org,2025-11-20,DE,Active
C104692,martinezjon@example.net,2025-11-27,US,Active
C104693,margaret85@example.com,2024-03-25,US,Inactive
C104694,eallen@example.net,2025-04-01,US,Active
C104695,sabrina85@example.org,2024-06-29,US,Active
C104696,dunnsarah@example.net,2025-11-23,US,Active
C104697,whitneyadams@example.org,2024-02-08,US,Active
C104698,tammy21@example.com,2025-10-23,CA,Active
C104699,smarshall@example.net,2025-08-13,IN,Active
C104700,martinezmelanie@example.com,2025-06-07,US,Active
C104701,xpierce@example.net,2025-07-19,US,Active
C104702,,2024-12-13,US,Inactive
C104703,jacksonfaith@example.com,2025-02-17,CA,Active
C104704,hortontyler@example.org,2024-03-25,US,Active
C104705,smithjennifer@example.com,2025-07-23,US,Active
C104706,johnmatthews@example.org,2024-11-05,CA,Active
C104707,lesliewest@example.net,2025-03-25,US,Active
C104708,gregoryodonnell@example.org,2024-02-23,US,Inactive
C104709,frowe@example.org,2025-08-15,US,Active
C104710,james16@example.com,2024-03-08,MX,Active
C104711,xpeterson@example.net,2024-10-16,CA,Active
C104712,patrick70@example.net,2024-02-10,GB,Active
C104713,garciajennifer@example.com,2024-12-30,CA,Active
C104714,tkim@example.org,2025-07-10,US,Active
C104715,chenronald@example.org,2026-01-15,US,Active
C104716,figueroasamantha@example.com,2025-07-25,US,Active
C104717,aallen@example.org,2025-01-27,US,Active
C104718,chughes@example.net,2025-08-14,GB,Active
C104719,sherryoliver@example.net,2024-09-23,CA,Active
C104720,brian56@example.net,2025-06-09,US,Active
C104721,,2025-03-03,US,Inactive
C104722,william57@example.net,2026-01-07,IN,Active
C104723,castillobrenda@example.org,2025-12-19,CA,Active
C104724,robertlester@example.org,2025-07-16,US,Active
C104725,yjohnson@example.org,2024-03-22,US,Active
C104726,manuellewis@example.net,2025-08-31,MX,Active
C104727,vaughnchristopher@example.net,2025-07-06,US,Active
C104728,bortega@example.org,2024-08-30,US,Active
C104729,laurathomas@example.com,2024-03-08,US,Active
C104730,lopezjennifer@example.com,2024-05-06,US,Active
C104731,derek64@example.net,2025-04-19,US,Inactive
C104732,shaffertodd@example.org,2025-10-24,CA,Active
C104733,dhall@example.com,2025-04-19,XX,Active
C104734,michaelcox@example.com,2025-12-01,US,Active
C104735,pwilson@example.com,2025-02-19,GB,Active
C104736,teresa60@example.com,2025-01-20,US,Active
C104737,hansonjason@example.com,2025-10-19,US,Active
C104738,gaymichael@example.org,2024-05-06,DE,Active
C104739,candice31@example.com,2025-01-11,US,Active
C104740,aliceanderson@example.com,2024-09-24,CA,Active
C104741,mary14@example.org,2025-01-02,IN,Active
C104742,jasonsims@example.net,2025-12-29,DE,Active
C104743,isaacgarner@example.com,2025-07-17,US,Active
C104744,,2025-04-02,US,Active
C104745,jimenezcollin@example.com,2025-12-18,CA,Active
C104746,kellystevens@example.net,2024-03-03,US,Active
C104747,gregorysilva@example.org,2025-02-09,GB,Active
C104748,brittney78@example.org,2024-11-05,US,Active
C104749,mark56@example.com,2025-01-07,DE,Active
C104750,johnvaldez@example.net,2025-04-10,IN,Active
C104751,hernandezlaurie@example.net,2025-11-12,IN,Active
C104752,smithbarbara@example.net,2024-11-20,GB,Active
C104753,crosbymelissa@example.org,2024-08-10,US,Active
C104754,gking@example.org,2025-01-24,GB,Active
C104755,bchase@example.com,2025-06-20,US,Active
C104756,andrew69@example.com,2024-06-02,US,Inactive
C104757,abaxter@example.net,2025-02-10,US,Active
C104758,vanessamcclain@example.com,2024-04-18,US,Active
C104759,matthewclark@example.com,2025-01-03,CA,Active
C104760,stewartsummer@example.org,2025-07-09,US,Active
C104761,not-an-email,2024-09-28,DE,Inactive
C104762,umarquez@example.com,2025-11-16,US,Inactive
C104763,kpatton@example.net,2025-07-23,GB,Active
C104764,ramostricia@example.net,2025-09-21,IN,Active
C104765,nicholasmoore@example.org,2025-05-25,MX,Active
C104766,garciadavid@example.net,2025-07-29,GB,Active
C104767,tiffany71@example.org,2026-01-28,US,Active
C104768,btrujillo@example.org,2024-10-15,GB,Active
C104769,monica19@example.net,2024-11-28,CA,Active
C104770,ywilliams@example.net,2025-09-01,CA,Inactive
C104771,perezchristopher@example.net,2024-11-10,DE,Inactive
C104772,fernandezbarbara@example.com,2025-05-18,US,Active
C104773,robert04@example.com,2024-07-08,US,Active
C104774,mary68@example.org,2025-03-04,US,Active
C104775,brownlisa@example.net,2024-11-04,US,Active
C104776,katelynburton@example.com,2025-05-09,US,Active
C104777,richardsonsharon@example.org,2025-08-08,US,Active
C104778,sarajohnson@example.com,2025-10-19,IN,Active
C104779,michael72@example.net,2025-08-09,GB,Active
C104780,cscott@example.org,2025-05-30,GB,Active
C104781,christopher71@example.com,2024-03-08,US,Active
C104782,wilsontiffany@example.com,2025-01-25,US,Active
C104783,zsingh@example.org,2024-11-28,GB,Active
C104784,dianealexander@example.com,2024-04-24,US,Active
C104785,lisa07@example.com,2025-09-18,US,Inactive
C104786,connorhardy@example.org,2025-08-22,US,Active
C104787,chavezdebra@example.com,2026-01-31,US,Active
C104788,olivia79@example.org,2024-07-28,US,Inactive
C104789,greercynthia@example.org,2025-06-07,US,Active
C104790,gjackson@example.org,2025-02-15,US,Active
C104791,peckalexander@example.com,2025-03-14,US,Active
C104792,murraygabrielle@example.com,2024-09-10,IN,Active
C104793,williamgarcia@example.org,2025-09-15,US,Inactive
C104794,tcollins@example.net,2025-12-06,US,Active
C104795,millercassandra@example.org,2024-11-05,US,Active
C104796,zgonzalez@example.com,2025-09-13,DE,Active
C104797,fishercourtney@example.org,2026-02-13,US,Active
C104798,kevin28@example.net,2025-02-16,IN,Active
C104799,tlee@example.org,2024-12-02,US,Inactive
C104800,andersonbrian@example.com,2024-08-08,GB,Active
C104801,brian53@example.org,2025-06-05,US,Inactive
C104802,,2025-12-31,US,Active
C104803,anthonyjimenez@example.org,2024-12-29,IN,Inactive
C104804,coreywoods@example.com,2024-03-14,CA,Active
C104805,jason19@example.org,2026-01-22,XX,Active
C104806,laurareyes@example.com,2024-08-24,US,Active
C104807,grantrobert@example.net,2025-02-28,IN,Active
C104808,elizabethmorris@example.com,2025-04-26,US,Active
C104809,paulsmith@example.net,2025-04-11,CA,Active
C104810,qharris@example.net,2024-06-25,US,Active
C104811,brianthomas@example.org,2025-09-20,US,Active
C104812,joseph66@example.net,2025-10-29,GB,Active
C104813,tony54@example.net,2024-10-09,DE,Inactive
C104814,johnsonmichelle@example.org,2024-03-26,US,Active
C104815,ushaw@example.org,2024-04-05,CA,Active
C102702,garrettconnie@example.com,2025-06-30,US,Active
C104817,brennantodd@example.org,2024-11-07,US,Active
C104818,hgriffin@example.org,2025-02-06,US,Inactive
C104819,nwarner@example.org,2025-08-13,US,Inactive
C104820,yphillips@example.net,2025-03-17,US,Active
C104821,perezcorey@example.org,2024-03-16,GB,Active
C104822,zacharymurphy@example.org,2024-04-29,GB,Active
C104823,stephenmeyer@example.com,2024-07-02,US,Inactive
C104824,shannonmarsh@example.net,2024-12-18,US,Active
C104825,markwalker@example.org,2025-12-05,US,Active
C104826,ryanparker@example.net,2025-07-02,US,Active
C104827,not-an-email,2026-01-11,US,Inactive
C104828,samantha11@example.net,2026-01-29,US,Active
C104829,johnsonmichelle@example.com,2025-01-30,DE,Active
C104830,salazarlynn@example.net,2025-11-23,MX,Inactive
C104831,randall51@example.org,2024-06-05,CA,Active
C104832,grayeileen@example.com,2025-08-16,US,Active
C104833,pittsamanda@example.com,2024-05-01,US,Active
C104834,danielle46@example.org,2025-02-03,US,Active
C104835,nicholas88@example.org,2024-07-03,US,Active
C104836,samanthaschwartz@example.com,2024-11-14,DE,Active
C104837,spencermichele@example.com,2025-07-27,US,Active
C104838,schwartztricia@example.net,2024-05-20,CA,Active
C104839,diana81@example.org,2026-01-21,MX,Active
C104840,lynn81@example.org,2025-05-19,US,Active
C104841,jillcampbell@example.org,2025-09-01,US,Active
C104842,not-an-email,2024-12-31,US,Active
C104843,dennisramirez@example.net,2026-01-21,US,Active
C104844,cbird@example.com,2024-09-15,US,Active
C104845,lindsey47@example.com,2025-04-27,GB,Active
C104846,dawsonthomas@example.com,2024-11-15,IN,Inactive
C104847,william27@example.net,2024-06-18,US,Active
C104848,xcastillo@example.com,2025-09-23,XX,Inactive
C104849,burnsmichael@example.com,2024-02-27,US,Active
C104850,edwardsjames@example.org,2025-02-14,DE,Inactive
C104851,vburgess@example.org,2024-06-12,US,Active
C104852,katherinesmith@example.org,2025-02-17,DE,Active
C104853,tracygarza@example.org,2024-12-07,CA,Inactive
C104854,melissamcknight@example.net,2024-11-10,US,Active
C104855,joycejohnson@example.net,2025-04-02,US,Active
C104856,megan30@example.com,2024-03-16,US,Active
C104857,andrew36@example.com,2025-03-09,DE,Active
C104858,lindapalmer@example.org,2024-03-02,US,Active
C104859,vanessacharles@example.com,2025-05-14,DE,Active
C104860,christina73@example.com,2024-04-20,US,Inactive
C104861,alicia86@example.com,2024-02-27,CA,Active
C104862,miranda88@example.org,2024-02-20,GB,Active
C104863,heather59@example.org,2025-01-25,US,Inactive
C104864,ostewart@example.net,2024-04-03,US,Active
C104865,tanya40@example.net,2024-06-09,DE,Active
C104866,brandtrandy@example.org,2025-02-16,CA,Inactive
C104867,mbanks@example.net,2025-12-04,US,Inactive
C104868,morenosarah@example.com,2024-10-03,US,Active
C104869,barrettmatthew@example.com,2024-07-19,DE,Inactive
C104870,whitedavid@example.org,2024-09-13,CA,Active
C104871,thompsonjessica@example.org,2026-01-25,US,Active
C104872,rware@example.net,2024-11-14,US,Active
C104873,christophermartin@example.com,2025-01-23,US,Active
C104874,tracy71@example.com,2025-05-26,US,Active
C104875,cheryl49@example.org,2024-08-28,US,Active
C104876,andrew42@example.com,2024-05-20,US,Active
C104877,haydenashley@example.org,2025-03-19,GB,Active
C104878,sheila67@example.net,2025-10-18,IN,Active
C104879,jessicasnyder@example.com,2024-06-03,US,Active
C104880,,2025-05-11,US,Active
C104881,umitchell@example.net,2025-07-09,XX,Active
C104882,brendasmith@example.com,2025-09-07,DE,Active
C104883,christinajames@example.com,2024-06-02,US,Active
C104884,estradajonathan@example.org,2024-03-26,IN,Active
C104885,ericweeks@example.com,2024-11-14,US,Active
C104886,hschneider@example.com,2025-07-14,GB,Active
C104887,,2025-02-07,US,Active
C104888,porteramy@example.net,2024-07-15,DE,Active
C104889,xchapman@example.org,2024-05-21,IN,Active
C104890,maynardalan@example.com,2025-02-03,US,Inactive
C104891,jasmine21@example.com,2025-09-10,MX,Active
C104892,brandon24@example.com,2025-11-23,IN,Active
C104893,not-an-email,2024-12-26,US,Active
C104894,mcbridedavid@example.org,2025-06-09,DE,Inactive
C104895,bhughes@example.net,2024-10-20,US,Active
C104896,znguyen@example.com,2025-03-19,US,Active
C104897,darryl41@example.com,2025-02-20,US,Active
C104898,colemandavid@example.com,2024-04-06,US,Active
C104899,hickmanamanda@example.com,2024-12-04,GB,Active
C104900,nowen@example.net,2025-11-24,US,Active
C104901,cassandrafields@example.com,2025-06-18,US,Active
C104902,gileskimberly@example.org,2024-12-04,US,Active
C104903,luiscastro@example.com,2025-10-30,US,Active
C104904,brianleon@example.com,2024-04-19,US,Active
C104905,autumn32@example.org,2025-07-20,US,Active
C104906,petersashley@example.com,2025-10-30,US,Active
C104907,jamescalhoun@example.com,2024-11-19,IN,Active
C104908,raymondruiz@example.net,2024-12-25,US,Active
C104909,donaldwilliams@example.com,2025-09-19,IN,Inactive
C104910,,2024-03-04,US,Active
C104911,victoria81@example.org,2024-05-19,US,Active
C104912,rpowers@example.net,2024-06-30,IN,Active
C104913,vdavidson@example.net,2024-11-02,GB,Active
C104914,kimfernando@example.com,2025-06-24,CA,Active
C104915,claytonhoffman@example.org,2024-11-30,IN,Active
C104916,rachel24@example.net,2025-08-14,US,Active
C104917,pamelaayala@example.com,2025-02-28,US,Inactive
C104918,gcastillo@example.org,2024-05-27,US,Active
C104919,david07@example.com,2024-05-16,US,Active
C104920,bwilson@example.org,2024-11-04,MX,Active
C100761,samuel83@example.net,2024-10-23,US,Active
C104922,marisa16@example.org,2025-12-01,US,Active
C104923,,2025-09-13,DE,Active
C104924,mistysanchez@example.com,2024-10-29,US,Inactive
C104925,millerjames@example.org,2025-02-08,US,Active
C104926,christopheranderson@example.com,2025-01-06,US,Active
C103929,,2026-01-31,CA,Active
C104928,tbarnett@example.org,2024-06-15,US,Active
C104929,nathanrubio@example.net,2025-05-26,CA,Active
C104930,jesus52@example.com,2024-08-18,US,Active
C104931,nelsonvalerie@example.com,2024-08-13,US,Active
C104932,jeffreyparks@example.net,2025-01-26,GB,Active
C104933,qatkins@example.net,2025-10-23,IN,Active
C104934,gutierrezdonald@example.net,2024-12-27,DE,Active
C104935,troyclark@example.com,2025-02-28,US,Active
C104936,knightwillie@example.net,2024-12-06,IN,Active
C104937,dylan85@example.net,2025-07-18,US,Active
C104938,georgeelizabeth@example.org,2025-11-02,CA,Active
C104939,ymosley@example.com,2025-05-24,IN,Active
C104940,michaelfreeman@example.com,2024-12-12,IN,Inactive
C104941,luis59@example.net,2024-07-07,US,Active
C104942,spencer34@example.net,2024-03-13,CA,Inactive
C104943,julia58@example.org,2024-07-19,IN,Active
C104944,lshaw@example.com,2025-11-19,US,Active
C104945,allenthomas@example.org,2024-08-12,US,Active
C104946,yorkelizabeth@example.org,2025-11-21,US,Active
C104947,collinsdiana@example.org,2024-07-25,US,Inactive
C104948,,2024-06-21,GB,Active
C104949,rossbrian@example.org,2024-03-20,US,Active
C104950,not-an-email,2025-08-28,US,Active
C104951,palmerjohn@example.net,2025-02-04,US,Active
C104952,loverobert@example.org,2024-11-08,GB,Active
C104953,serranopatricia@example.com,2025-04-11,US,Active
C104954,cookjessica@example.net,2024-10-21,US,Active
C104955,danaashley@example.net,2024-06-23,US,Active
C104956,vshaffer@example.org,2024-11-04,US,Active
C104957,mary33@example.org,2025-05-19,GB,Active
C104958,dolson@example.com,2025-06-08,US,Inactive
C104959,douglascordova@example.net,2025-11-05,US,Active
C104960,not-an-email,2025-07-17,CA,Active
C104961,kylewood@example.org,2025-09-18,GB,Inactive
C104962,matthew42@example.com,2025-06-16,IN,Active
C104963,timothy91@example.org,2025-12-16,IN,Active
C104964,adamchavez@example.net,2026-01-08,CA,Active
C104965,amandarojas@example.com,2025-12-05,US,Active
C104966,qschwartz@example.net,2024-09-06,US,Active
C104967,portiz@example.net,2025-08-19,MX,Inactive
C104968,rhodeserin@example.org,2024-02-25,IN,Active
C104969,jennifer76@example.com,2024-03-18,DE,Active
C104970,stacie85@example.net,2024-08-12,IN,Active
C104971,fosterkelly@example.com,2024-03-29,US,Active
C104972,taylorrose@example.com,2025-02-05,US,Active
C104973,not-an-email,2025-08-29,CA,Active
C104974,michaela93@example.net,2025-10-10,US,Active
C104975,donna20@example.net,2025-09-25,MX,Active
C104976,jaimeyoung@example.com,2024-06-02,DE,Active
C104977,annehuffman@example.com,2024-12-15,DE,Active
C104978,robert77@example.org,2024-08-25,GB,Active
C104979,ginabentley@example.net,2025-12-16,US,Active
C104980,llittle@example.org,2025-11-04,GB,Active
C104981,christina30@example.net,2024-04-11,XX,Active
C104982,christopher31@example.com,2025-09-15,US,Active
C104983,mariaanthony@example.com,2025-04-30,US,Active
C104984,peter51@example.net,2025-08-25,US,Active
C104985,nicoletucker@example.org,2024-06-04,US,Active
C104986,deleonmiranda@example.net,2025-07-22,US,Active
C104987,butlerjeremiah@example.net,2024-11-02,MX,Active
C104988,jessica95@example.org,2025-06-20,IN,Active
C104989,sanderskelly@example.net,2025-01-16,CA,Active
C104990,mitchelljames@example.com,2025-10-23,DE,Active
C104991,danielstark@example.com,2025-11-21,US,Active
C104992,pclark@example.com,2025-05-25,DE,Active
C104993,manuelcole@example.net,2025-01-28,US,Active
C104994,vmccullough@example.net,2024-02-04,DE,Active
C104995,hendrixeugene@example.com,2024-05-01,US,Active
C104996,,2025-12-05,US,Active
C104997,amanda75@example.com,2025-11-30,US,Active
C104998,harrisonsherry@example.org,2025-07-25,DE,Active
C104999,jimmyharris@example.com,2024-10-14,GB,Active
